5	15
Processing times: 
49	74	58	96	31
16	52	46	99	54
10	46	27	18	85
80	7	92	61	84
65	21	40	84	39
86	31	22	65	45
89	57	91	9	50
21	30	69	82	90
87	49	52	55	91
25	56	87	90	23
95	60	92	60	38
99	69	88	80	73
45	68	47	68	13
60	52	67	32	42
18	65	47	93	5
Routes of jobs: 
2	5	1	4	3
1	4	3	2	5
3	2	1	4	5
3	5	2	1	4
3	1	5	2	4
1	4	5	2	3
3	5	1	2	4
1	3	4	5	2
4	2	5	3	1
3	5	4	2	1
3	4	1	5	2
2	1	5	4	3
1	2	5	4	3
4	2	5	1	3
2	4	3	1	5
Due dates: 
178	
154	
107	
187	
144	
144	
171	
168	
193	
162	
199	
236	
139	
146	
132	
