10	10
Processing times: 
23	31	25	31	56	44	43	57	16	82
30	74	85	85	61	66	2	67	54	30
96	58	59	60	26	83	81	2	97	19
73	63	80	33	89	61	39	90	63	60
2	2	90	76	43	8	12	74	74	7
47	24	82	96	69	5	20	27	80	41
7	85	97	41	72	70	38	20	2	96
77	90	7	69	61	64	4	80	17	13
3	57	33	75	20	59	8	98	13	23
17	59	35	50	85	66	93	19	4	85
Routes of jobs: 
2	6	3	5	10	7	8	4	9	1
9	7	8	1	2	6	5	4	10	3
5	6	7	8	3	9	4	2	10	1
3	5	4	2	9	10	8	6	7	1
5	4	1	8	6	9	7	3	2	10
3	2	9	6	7	5	8	10	1	4
2	5	8	1	10	6	4	7	9	3
4	2	1	7	9	8	3	6	10	5
2	4	5	1	8	7	10	6	9	3
10	2	7	5	8	6	4	1	9	3
Due dates: 
245	
333	
349	
391	
233	
295	
317	
290	
234	
308	
