10	10
Processing times: 
2	48	80	56	49	6	65	92	79	53
32	11	34	85	69	14	6	66	79	25
83	50	79	93	56	2	63	62	56	86
92	16	2	85	39	51	96	59	82	80
6	8	31	88	54	74	88	96	85	57
30	68	3	89	15	94	72	84	72	56
53	75	73	72	86	67	24	86	53	63
10	53	18	16	93	86	17	94	67	74
7	17	41	61	60	96	51	87	34	22
43	97	17	95	50	73	83	90	28	79
Routes of jobs: 
5	6	3	7	8	1	2	9	4	10
3	9	6	5	2	4	10	1	8	7
3	5	6	10	8	7	1	4	9	2
6	3	1	9	8	7	4	2	5	10
9	1	10	7	5	2	8	3	6	4
9	2	3	5	1	6	10	8	7	4
6	2	3	10	9	8	5	1	7	4
3	8	6	5	7	9	1	2	10	4
1	6	3	7	9	8	5	4	2	10
2	4	5	7	10	9	3	8	1	6
Due dates: 
318	
253	
378	
362	
353	
350	
392	
317	
286	
393	
