10	10
Processing times: 
38	43	60	32	66	81	1	81	39	80
58	48	88	56	2	39	19	93	48	56
44	38	15	39	2	75	20	19	22	40
45	28	11	79	1	45	43	87	85	32
47	42	72	14	82	53	73	53	67	15
74	28	93	14	41	88	52	17	86	44
3	89	94	44	38	30	24	40	3	86
45	86	31	59	2	37	25	83	96	85
95	5	77	12	13	58	47	54	54	63
74	83	16	27	88	25	60	37	70	66
Routes of jobs: 
6	7	2	5	8	3	1	10	4	9
6	7	2	10	4	5	8	1	9	3
5	9	7	8	1	6	3	2	10	4
10	8	4	9	6	1	3	2	5	7
3	4	8	5	6	9	1	2	10	7
9	1	10	2	6	8	5	3	4	7
2	8	9	3	6	1	7	5	10	4
2	4	10	1	3	8	7	5	6	9
5	4	9	8	3	10	6	2	1	7
6	7	8	10	9	5	4	3	1	2
Due dates: 
313	
305	
189	
274	
311	
323	
271	
330	
287	
328	
