10	10
Processing times: 
75	58	54	63	92	5	66	41	29	58
88	61	82	6	81	5	5	52	98	16
80	90	34	49	72	36	81	62	84	78
78	39	78	74	73	85	71	66	38	80
27	89	15	61	80	6	9	69	1	39
46	30	90	52	9	24	34	33	6	98
94	60	76	82	16	72	94	30	7	22
29	51	25	35	31	87	8	56	60	53
32	53	15	65	46	11	81	21	99	83
48	5	32	36	3	14	84	61	75	52
Routes of jobs: 
1	5	8	9	7	6	10	4	2	3
3	6	2	5	9	4	10	1	8	7
7	1	3	2	8	5	6	9	4	10
7	3	10	1	4	5	8	6	2	9
9	3	6	4	8	5	2	1	10	7
7	8	4	6	2	10	1	3	5	9
4	6	7	3	10	9	2	5	1	8
10	4	3	1	5	2	8	9	6	7
8	3	9	2	7	4	6	5	10	1
2	3	10	4	8	6	7	5	1	9
Due dates: 
325	
297	
400	
410	
238	
254	
332	
261	
304	
246	
