10	10
Processing times: 
99	55	37	30	33	55	39	44	85	68
30	25	59	41	14	15	39	41	16	74
25	64	40	8	20	70	75	16	95	95
30	6	11	27	53	38	84	80	50	6
8	57	68	95	42	74	38	16	9	68
81	51	68	70	47	20	23	49	52	85
44	18	70	68	69	42	40	22	39	1
62	93	55	38	74	63	78	80	39	96
85	96	88	29	69	89	85	37	3	30
83	31	68	1	32	14	1	33	17	77
Routes of jobs: 
4	10	8	3	1	6	9	2	5	7
3	5	9	1	10	7	4	2	8	6
3	9	6	7	5	2	8	10	1	4
3	5	1	4	2	8	7	9	6	10
6	3	4	8	2	10	9	5	7	1
7	1	9	10	2	5	4	8	3	6
6	8	5	9	7	3	10	1	2	4
7	9	8	10	6	2	1	5	4	3
1	5	9	8	10	6	4	3	2	7
9	6	1	2	8	10	4	7	3	5
Due dates: 
327	
213	
305	
231	
285	
328	
248	
407	
367	
215	
