10	10
Processing times: 
29	4	13	53	89	31	82	42	35	98
40	18	49	90	68	64	59	76	89	5
72	19	52	46	40	42	37	3	66	36
79	9	9	95	78	36	58	9	92	16
77	81	96	71	97	26	70	51	18	5
68	42	53	1	4	44	44	59	49	12
38	30	74	71	64	45	84	81	24	42
69	18	33	58	97	2	88	69	74	41
71	57	12	98	40	54	29	91	53	80
91	2	48	57	39	90	91	13	27	88
Routes of jobs: 
4	7	5	3	9	10	1	6	2	8
9	1	2	7	3	8	5	4	10	6
9	10	2	5	6	1	3	4	7	8
1	8	9	10	5	3	2	7	4	6
4	5	10	1	9	8	2	3	6	7
10	1	8	5	6	4	3	7	9	2
9	7	4	2	5	3	8	6	10	1
9	7	3	4	1	2	6	10	8	5
10	8	7	1	3	9	4	6	2	5
9	6	4	10	1	3	8	2	5	7
Due dates: 
286	
335	
248	
289	
356	
226	
332	
330	
351	
328	
