10	10
Processing times: 
43	87	52	93	54	78	17	90	48	1
86	95	11	83	49	33	37	91	51	60
48	47	14	86	30	56	81	83	54	6
8	9	81	33	39	36	89	17	87	28
62	78	61	40	84	86	42	14	78	1
47	71	51	17	79	61	15	84	51	54
71	43	29	87	30	31	76	23	29	34
75	64	97	59	79	68	43	82	29	10
60	95	84	77	65	67	99	42	99	85
48	28	11	62	52	35	87	77	30	3
Routes of jobs: 
4	8	7	6	2	10	5	9	1	3
4	7	8	9	1	10	6	3	5	2
10	6	9	4	1	8	5	3	2	7
6	5	1	9	8	3	4	10	2	7
9	2	3	7	1	4	10	5	6	8
9	6	2	10	5	4	7	1	3	8
7	9	5	4	2	10	1	3	8	6
10	9	7	6	1	3	4	8	2	5
8	7	9	10	5	1	3	2	6	4
6	1	4	9	7	2	8	5	10	3
Due dates: 
338	
358	
303	
257	
328	
318	
272	
364	
464	
260	
