10	10
Processing times: 
42	11	13	85	83	44	63	16	78	78
58	81	9	71	16	26	3	83	89	63
82	42	56	87	51	65	77	93	57	14
74	7	31	45	18	12	10	42	69	6
11	1	14	43	16	25	69	14	73	15
68	67	9	34	55	41	99	16	65	38
95	21	6	98	92	62	85	39	79	87
70	52	69	63	25	28	29	44	53	28
36	5	78	19	11	38	22	25	74	62
96	65	98	31	27	51	96	85	94	49
Routes of jobs: 
1	7	6	10	3	9	4	8	5	2
8	10	6	4	5	1	2	3	7	9
10	9	6	1	4	7	5	8	2	3
6	8	1	5	4	7	9	3	10	2
10	7	3	6	9	4	8	1	5	2
10	6	5	3	8	4	9	7	2	1
6	1	3	4	2	9	7	8	5	10
10	8	5	6	4	9	1	2	7	3
4	7	5	9	10	3	8	1	6	2
5	2	4	6	9	1	10	8	3	7
Due dates: 
308	
300	
375	
189	
169	
296	
399	
277	
222	
416	
