10	10
Processing times: 
5	91	81	92	38	82	94	73	13	50
7	78	66	56	99	64	47	71	30	92
37	37	91	67	49	26	69	76	55	89
3	62	76	10	65	43	96	60	59	24
22	45	59	4	40	24	9	62	33	25
23	52	45	81	44	20	32	25	58	59
17	81	50	99	60	73	14	66	94	38
7	8	15	85	9	73	63	96	94	65
62	83	96	38	38	98	77	82	72	99
43	95	5	81	75	33	11	36	69	10
Routes of jobs: 
7	10	3	5	4	9	6	2	8	1
4	1	10	7	5	2	8	6	9	3
4	5	8	7	10	6	1	3	9	2
2	8	4	1	3	7	5	10	9	6
8	2	5	9	7	1	10	3	4	6
7	10	1	8	4	9	2	3	5	6
8	5	1	6	2	7	10	3	9	4
8	4	3	2	9	7	6	10	5	1
5	2	4	10	6	8	9	7	1	3
6	10	5	3	2	1	9	4	7	8
Due dates: 
372	
366	
358	
299	
194	
264	
356	
309	
447	
275	
