10	10
Processing times: 
31	82	75	4	66	33	51	13	83	9
72	30	50	59	43	16	43	22	15	15
33	34	80	47	60	92	44	37	51	7
66	21	87	53	53	92	36	14	20	63
5	79	47	20	2	64	22	37	75	89
95	74	11	55	44	63	76	58	77	77
65	33	13	39	71	76	54	17	66	25
28	54	73	22	85	14	78	81	73	75
93	12	84	77	98	64	27	97	10	95
19	71	88	36	60	96	44	94	47	99
Routes of jobs: 
1	6	10	9	3	7	8	4	5	2
2	9	4	10	3	7	8	5	6	1
4	2	6	3	9	8	5	1	7	10
5	7	8	1	2	9	10	3	6	4
2	3	6	8	4	7	10	9	5	1
6	7	5	9	4	2	10	1	8	3
4	1	9	7	3	10	2	8	5	6
2	5	8	6	9	4	10	7	1	3
8	5	9	7	6	1	10	4	3	2
10	2	9	1	3	7	6	8	4	5
Due dates: 
269	
219	
291	
303	
264	
378	
276	
350	
395	
393	
