10	15
Processing times: 
86	64	99	28	50	43	55	85	26	72
65	35	19	36	20	38	75	20	6	8
78	18	28	77	53	67	37	26	98	79
27	86	47	18	68	43	1	89	39	94
97	83	59	57	60	2	1	9	58	91
43	60	66	79	41	86	44	54	20	92
82	1	49	39	2	8	65	77	86	71
60	51	12	28	9	20	50	40	90	35
64	56	78	70	42	74	98	3	14	62
10	46	54	14	8	30	8	47	88	51
86	80	79	13	52	15	13	25	49	3
29	29	59	68	43	28	83	16	50	79
61	8	53	55	62	61	39	94	35	23
96	19	83	22	62	73	63	8	92	85
21	75	53	64	15	16	60	11	29	6
Routes of jobs: 
4	9	2	5	3	6	7	1	8	10
4	9	1	7	3	5	6	8	10	2
2	5	8	3	10	1	9	6	4	7
9	2	5	8	4	3	7	10	1	6
7	5	10	9	4	1	2	8	3	6
4	7	8	10	6	3	9	5	2	1
4	6	10	5	1	3	9	7	2	8
3	9	1	6	2	7	4	10	8	5
7	9	8	10	3	4	5	6	2	1
9	8	5	10	1	7	6	2	4	3
4	3	9	1	8	10	7	6	5	2
5	6	7	2	8	9	10	1	3	4
3	6	10	5	2	1	7	8	4	9
2	7	4	6	1	3	9	5	10	8
4	10	1	8	5	6	9	2	3	7
Due dates: 
396	
210	
365	
333	
337	
381	
312	
257	
365	
232	
270	
315	
320	
392	
228	
