10	15
Processing times: 
35	44	40	35	58	26	78	19	83	96
90	60	89	79	30	66	41	95	68	41
61	55	93	79	92	42	22	66	41	92
56	89	43	46	78	23	93	7	83	68
41	62	48	30	11	34	83	8	94	52
41	90	93	57	31	55	62	61	55	75
72	82	73	25	3	86	58	13	9	98
44	94	2	14	20	54	99	6	92	27
41	32	65	30	83	70	18	37	14	79
8	30	6	24	89	36	16	31	81	9
88	34	17	86	87	21	64	36	78	86
59	46	6	80	1	53	81	81	90	70
32	41	77	12	8	7	22	44	78	42
40	21	90	77	51	9	57	44	31	70
14	70	32	72	92	93	28	92	4	22
Routes of jobs: 
4	6	5	2	9	7	8	3	1	10
8	6	10	4	3	1	7	9	5	2
5	6	8	7	9	2	3	1	10	4
9	8	5	2	10	4	1	6	3	7
3	8	1	2	10	4	5	9	6	7
5	3	8	10	2	1	4	9	7	6
5	6	3	8	10	4	9	2	1	7
7	8	10	5	2	9	6	4	3	1
7	3	10	8	2	6	9	5	4	1
9	6	5	4	7	1	10	2	3	8
8	9	3	7	1	5	10	4	6	2
1	9	7	2	10	5	8	4	6	3
3	4	10	5	9	6	8	1	2	7
2	6	4	1	5	7	9	3	8	10
6	2	9	10	1	7	5	8	3	4
Due dates: 
335	
429	
418	
381	
301	
403	
338	
294	
305	
215	
389	
369	
236	
319	
338	
