10	15
Processing times: 
1	95	89	49	7	13	20	61	33	30
24	65	58	42	8	50	5	88	62	53
34	83	88	92	12	65	48	17	78	53
6	84	67	51	39	91	84	56	96	45
59	11	8	44	97	86	62	45	46	90
54	13	4	90	29	17	54	29	8	64
60	29	78	33	66	61	61	51	36	88
44	50	37	56	26	86	30	81	52	8
71	96	84	4	25	44	13	12	34	97
13	88	48	1	28	10	25	95	20	86
1	2	99	30	41	87	49	58	4	61
65	2	38	88	55	5	60	48	91	33
64	54	75	33	84	19	46	76	74	17
27	50	7	13	19	67	89	13	30	48
49	98	3	59	72	40	9	14	92	57
Routes of jobs: 
7	4	3	2	5	9	8	10	1	6
9	2	7	6	5	1	4	3	8	10
5	9	4	3	7	1	6	8	10	2
6	5	9	10	3	2	8	7	4	1
4	3	9	5	2	1	7	10	8	6
3	1	6	9	7	8	4	2	10	5
2	8	9	6	5	7	1	10	3	4
3	8	2	1	9	4	7	5	6	10
8	10	9	4	3	7	1	6	5	2
9	2	4	8	3	6	5	1	7	10
8	3	1	2	4	7	10	9	5	6
4	8	10	6	5	3	1	9	2	7
6	8	4	9	7	10	1	2	5	3
8	4	1	5	2	10	9	6	3	7
9	8	1	6	4	5	2	7	10	3
Due dates: 
259	
296	
371	
403	
357	
236	
366	
306	
312	
270	
281	
316	
353	
236	
321	
