10	15
Processing times: 
8	12	56	54	89	29	8	92	97	98
82	55	59	7	58	31	28	45	40	39
10	66	53	76	11	10	93	82	49	19
49	13	80	39	81	51	74	42	49	79
23	81	97	54	19	94	82	58	47	78
73	56	47	74	72	74	97	38	64	33
37	89	51	67	19	50	8	5	64	49
12	50	5	50	88	26	97	23	16	94
67	4	69	98	50	49	76	68	24	94
22	51	2	72	61	58	55	38	8	64
1	8	52	88	84	2	34	10	40	71
55	28	43	31	93	56	53	36	55	6
95	92	35	15	68	5	98	54	23	90
56	84	42	58	17	49	34	76	5	75
41	17	56	97	9	47	46	98	3	99
Routes of jobs: 
7	10	1	6	2	8	5	4	3	9
9	5	10	1	6	7	2	8	3	4
1	5	7	8	2	4	6	9	10	3
9	2	5	8	1	4	6	7	10	3
5	9	3	10	2	7	4	8	1	6
5	8	6	10	7	1	3	9	2	4
9	5	1	8	6	3	7	10	4	2
5	7	1	4	8	2	6	10	9	3
6	1	9	2	10	5	8	7	3	4
1	2	6	7	9	4	3	8	5	10
5	4	7	1	2	6	8	3	9	10
2	6	4	5	8	1	10	3	7	9
9	7	5	2	8	10	4	3	6	1
10	3	7	6	9	4	5	2	8	1
7	9	6	10	3	5	8	1	2	4
Due dates: 
353	
289	
305	
363	
412	
409	
286	
300	
390	
281	
254	
297	
374	
323	
334	
