10	15
Processing times: 
47	3	42	60	16	40	75	38	62	87
88	65	35	18	92	18	82	70	88	71
45	99	2	42	38	90	20	84	75	70
46	5	28	96	73	60	39	42	14	54
32	68	36	17	93	5	92	62	3	6
91	67	98	61	97	58	35	91	70	20
94	4	29	99	13	73	25	98	27	98
42	81	79	73	23	68	75	32	98	49
48	57	8	77	91	59	15	74	6	98
45	87	2	5	79	88	71	92	34	70
45	59	96	65	7	94	97	96	20	22
35	27	19	26	95	94	21	40	11	78
97	19	50	60	17	48	25	75	69	15
59	63	76	3	65	42	19	44	53	13
4	32	19	97	35	25	2	89	49	70
Routes of jobs: 
10	7	2	6	9	8	4	3	5	1
1	10	2	6	7	9	8	4	3	5
3	4	9	1	8	7	5	10	6	2
8	1	9	10	3	7	2	6	4	5
4	1	9	6	2	3	10	7	8	5
3	7	2	5	8	6	9	4	1	10
4	10	7	2	5	3	8	9	1	6
3	2	10	5	1	7	6	4	9	8
9	7	8	4	6	5	2	1	10	3
4	6	1	5	7	9	8	2	10	3
4	8	7	5	3	2	10	1	9	6
7	5	9	3	8	6	4	2	1	10
5	6	9	10	7	8	2	1	4	3
6	4	5	7	1	8	10	3	9	2
5	1	4	2	9	6	3	8	7	10
Due dates: 
306	
408	
368	
298	
270	
448	
364	
403	
347	
373	
391	
290	
309	
285	
275	
