10	15
Processing times: 
61	80	72	35	6	39	80	22	61	58
14	45	28	67	71	28	8	74	74	72
75	89	91	15	35	10	94	31	75	34
59	21	3	82	60	61	51	90	93	97
54	3	27	54	42	47	23	67	68	74
57	23	80	99	31	34	76	40	26	17
18	13	85	42	17	46	15	46	21	16
74	57	30	15	92	50	85	55	34	91
26	4	3	62	31	33	44	71	43	47
28	20	14	22	24	76	13	81	13	15
56	86	32	2	13	96	32	24	99	27
52	44	25	38	23	71	18	85	54	32
13	15	62	48	30	73	4	63	39	51
81	66	88	35	7	71	18	61	67	29
52	82	30	42	15	26	60	57	41	57
Routes of jobs: 
7	5	8	3	6	1	4	2	10	9
6	1	10	9	7	8	5	3	2	4
4	9	10	2	8	3	6	5	1	7
7	4	1	3	5	9	2	8	10	6
8	2	7	6	5	3	10	4	9	1
1	6	7	2	10	8	5	4	3	9
7	1	6	8	5	9	2	10	3	4
2	6	7	1	5	4	10	8	9	3
8	10	9	1	2	5	3	4	7	6
1	4	10	9	3	6	8	5	2	7
5	2	3	8	1	7	9	10	4	6
9	5	7	4	2	6	1	10	3	8
9	1	7	6	8	5	4	10	2	3
10	9	5	1	4	8	2	6	3	7
4	3	2	1	6	7	5	10	9	8
Due dates: 
335	
313	
357	
402	
299	
314	
208	
379	
237	
199	
304	
288	
259	
340	
301	
