10	15
Processing times: 
75	51	39	24	73	99	63	11	91	56
71	20	37	2	16	54	97	24	44	39
7	23	71	96	20	93	1	11	9	7
63	61	24	89	28	4	79	94	51	88
28	6	12	42	11	84	19	63	9	69
27	16	92	56	81	33	65	36	56	17
48	45	25	81	93	22	89	6	73	28
40	88	73	77	90	49	62	85	30	28
9	81	23	87	9	42	4	40	57	80
63	79	8	76	35	34	80	76	60	59
69	20	95	72	68	26	92	45	27	82
92	24	87	2	44	52	28	27	67	75
68	60	50	7	25	39	28	52	6	6
47	39	8	94	68	89	73	78	46	39
63	16	71	32	63	22	89	11	32	52
Routes of jobs: 
2	8	4	5	10	6	1	9	3	7
5	8	6	2	3	7	1	10	4	9
10	8	4	5	2	6	1	3	7	9
3	10	8	1	9	5	7	6	2	4
3	10	5	4	1	6	7	8	2	9
8	6	5	4	9	3	2	1	7	10
8	1	7	9	10	2	5	3	4	6
8	6	1	9	4	10	5	3	2	7
10	2	8	9	7	4	5	6	1	3
1	6	4	3	10	5	7	9	8	2
4	7	8	10	2	1	6	9	5	3
9	10	2	8	7	1	3	5	4	6
7	1	5	2	9	3	10	6	4	8
1	3	7	4	10	5	2	6	8	9
5	2	4	6	9	3	7	8	1	10
Due dates: 
379	
263	
220	
378	
223	
312	
332	
405	
281	
371	
388	
324	
222	
378	
294	
