10	15
Processing times: 
36	86	64	55	34	78	31	36	48	5
11	72	51	83	6	54	81	3	89	51
39	10	90	5	15	51	21	7	84	65
12	28	86	71	57	71	72	71	22	70
61	81	33	2	78	90	85	78	7	4
94	59	71	32	32	65	44	49	10	71
48	44	70	74	73	40	57	94	10	79
43	62	46	85	24	73	48	80	66	21
3	58	59	63	78	86	12	57	30	93
7	3	98	59	30	12	9	76	75	45
4	54	92	83	31	88	16	57	86	47
28	28	26	35	27	13	52	15	83	16
42	18	78	41	4	30	49	48	68	59
56	10	74	62	39	63	52	75	39	90
24	52	57	26	50	52	91	80	43	15
Routes of jobs: 
3	10	9	1	5	8	4	2	6	7
4	3	1	2	6	7	10	5	9	8
10	2	4	7	1	5	9	6	3	8
4	3	1	8	9	6	5	10	2	7
7	8	2	5	4	10	9	3	1	6
7	8	4	2	3	10	5	9	1	6
10	7	3	5	1	8	6	4	2	9
7	9	2	1	8	5	10	4	6	3
2	5	10	3	4	9	7	8	1	6
7	3	8	6	9	1	5	4	10	2
9	8	6	5	7	4	1	2	3	10
4	10	5	6	9	7	3	2	1	8
8	7	3	5	4	1	6	10	2	9
10	1	4	6	7	3	5	8	2	9
9	2	4	10	6	3	1	8	7	5
Due dates: 
308	
326	
252	
364	
338	
343	
383	
357	
351	
270	
363	
210	
285	
364	
319	
