10	15
Processing times: 
54	70	19	75	58	50	77	19	63	12
85	47	14	31	45	66	63	75	30	2
36	8	24	64	57	41	11	98	80	76
82	81	62	11	39	38	81	70	49	84
65	15	23	69	7	47	26	94	10	38
91	55	89	45	87	47	50	82	28	90
96	85	73	57	27	21	87	84	3	51
66	68	51	94	29	8	25	5	92	10
94	55	8	44	51	38	34	22	5	49
48	61	25	84	95	74	72	56	40	71
20	16	33	52	23	13	26	20	53	13
63	24	40	54	45	28	38	26	19	31
86	41	2	25	80	28	23	42	10	30
81	31	49	2	37	86	33	74	52	31
42	15	83	1	86	5	20	28	98	88
Routes of jobs: 
7	5	6	1	3	8	4	10	9	2
7	2	10	4	9	3	6	8	5	1
3	5	8	9	1	7	10	2	4	6
1	2	8	7	6	5	3	10	9	4
10	4	9	8	1	7	6	2	5	3
6	3	7	2	1	8	9	4	10	5
1	3	9	4	8	7	6	2	5	10
2	5	4	10	3	6	9	7	8	1
7	4	1	2	3	8	9	5	6	10
8	6	1	2	9	4	5	10	7	3
2	6	5	4	1	3	8	9	10	7
10	1	6	5	8	9	7	4	2	3
9	6	10	2	1	4	3	7	8	5
7	1	2	6	8	9	10	3	5	4
9	7	1	3	10	5	2	4	8	6
Due dates: 
324	
298	
322	
389	
257	
432	
380	
292	
260	
407	
175	
240	
239	
310	
303	
