10	15
Processing times: 
22	11	16	31	40	12	97	49	23	17
45	43	1	47	18	13	31	60	17	50
27	12	3	97	93	13	76	87	2	55
71	87	53	10	26	19	36	95	89	95
98	78	45	50	7	52	34	1	42	99
71	75	70	54	66	38	79	29	15	98
35	85	52	50	79	54	10	63	83	12
50	56	30	75	83	70	56	67	37	89
15	64	91	11	15	9	93	89	59	36
13	95	23	52	44	98	3	45	47	45
63	32	3	91	99	37	92	97	10	38
30	13	37	91	71	21	46	28	36	81
51	29	15	1	60	47	35	2	8	79
22	25	41	88	24	90	25	68	68	32
69	19	17	6	26	66	9	29	96	76
Routes of jobs: 
7	1	2	10	4	6	8	5	3	9
6	8	5	9	7	10	1	2	3	4
6	2	9	7	5	8	4	1	10	3
4	8	1	9	7	10	5	6	2	3
3	5	1	6	2	7	4	10	8	9
4	2	6	8	7	3	10	5	1	9
2	8	4	10	1	6	7	9	3	5
2	1	8	7	5	3	10	9	6	4
4	8	2	1	7	9	10	6	5	3
4	10	9	8	3	5	1	6	7	2
9	2	7	3	4	8	1	5	10	6
2	6	1	10	3	8	9	5	4	7
7	4	6	2	10	9	8	5	3	1
1	5	7	3	8	4	6	10	9	2
2	4	3	5	7	9	10	6	8	1
Due dates: 
207	
212	
303	
378	
329	
387	
340	
399	
314	
303	
366	
296	
213	
314	
269	
