20	40
Processing times: 
143	90	22	18	66	41	98	76	58	189	18	198	44	18	88	70	44	68	72	136
14	89	70	148	194	30	50	149	89	43	159	136	172	121	121	114	161	180	92	44
187	10	138	46	108	28	124	32	32	123	127	131	5	180	137	176	136	7	149	161
114	195	37	78	32	36	9	64	172	28	108	84	91	136	67	149	109	182	121	1
157	8	168	161	55	156	48	183	37	178	174	30	106	195	115	12	91	119	189	18
37	29	12	164	26	47	200	68	174	29	13	138	186	169	58	1	169	191	71	111
177	38	27	55	22	79	28	7	47	79	134	45	51	1	141	26	151	169	50	71
157	82	180	32	25	119	21	21	77	95	192	87	165	93	9	160	24	7	151	121
108	29	192	126	48	192	107	49	136	63	35	151	149	195	10	50	147	23	54	162
118	176	164	190	63	111	27	59	162	145	143	175	10	155	192	88	148	28	31	84
125	150	120	71	108	135	73	191	22	191	154	100	115	53	116	133	101	80	158	168
44	114	78	35	2	25	22	100	40	6	177	87	12	162	76	160	44	18	148	60
39	162	30	161	1	30	82	97	147	68	72	198	173	179	4	155	138	97	166	155
121	31	107	163	155	27	122	191	167	141	51	117	63	99	71	37	151	49	16	70
170	62	179	14	49	56	108	87	77	154	37	113	2	108	193	181	161	19	70	78
179	117	91	160	89	41	157	38	74	128	5	200	43	101	164	160	103	143	8	185
34	9	184	189	75	151	58	143	2	43	168	192	188	62	96	51	173	142	80	179
23	114	71	95	134	104	161	1	127	37	63	146	164	192	28	185	130	163	162	115
155	116	34	19	135	38	109	84	196	146	69	151	26	149	115	99	71	192	102	70
55	123	190	87	95	13	40	56	146	6	110	74	75	117	74	93	82	154	117	46
168	36	113	187	101	146	99	130	159	114	15	120	120	147	4	170	81	59	127	174
26	91	42	149	172	46	180	126	65	183	80	116	72	181	111	58	130	128	38	127
77	197	107	110	169	136	76	163	147	143	177	107	129	28	192	127	188	147	32	175
69	8	186	98	100	103	73	155	169	189	78	157	31	58	137	136	144	6	43	4
172	58	133	89	25	145	22	84	82	61	64	191	150	177	75	155	80	128	35	86
197	88	77	193	177	123	24	72	123	86	66	77	126	27	119	19	26	139	103	193
147	58	163	61	42	27	106	37	158	115	73	131	140	107	168	83	145	89	83	23
159	52	15	162	61	156	26	11	91	79	184	176	157	92	57	81	191	4	129	193
105	44	145	69	99	175	71	130	70	5	24	38	150	81	51	126	176	157	194	88
151	117	24	151	128	54	96	58	6	56	21	2	139	57	98	135	96	123	141	151
92	25	85	26	78	139	181	78	53	8	35	180	128	73	102	105	153	115	85	116
100	197	98	139	89	138	109	56	95	70	148	170	147	123	147	125	197	116	161	133
57	154	56	28	32	64	114	135	151	168	79	27	184	26	87	89	46	181	113	47
117	8	110	47	136	67	68	49	85	142	52	163	36	16	163	19	164	98	155	99
23	44	21	24	30	43	5	10	1	111	157	54	32	38	197	100	89	135	187	69
199	164	49	139	169	48	105	147	195	171	119	164	24	64	112	2	124	129	107	129
146	61	54	108	26	147	183	14	145	109	6	24	136	181	189	192	29	82	29	67
148	80	166	60	126	42	22	171	100	86	60	146	164	9	114	9	175	22	129	48
53	147	172	110	103	73	53	99	5	43	129	134	190	34	67	191	122	192	152	130
112	163	39	40	74	78	120	85	144	117	65	109	27	160	98	125	139	40	186	40
Routes of jobs: 
1	19	11	13	18	20	6	14	2	4	17	10	15	16	3	8	7	9	12	5
7	12	11	3	20	1	4	5	2	15	10	18	8	14	16	17	6	19	13	9
3	15	18	2	16	7	13	11	1	9	19	6	4	20	10	12	5	8	14	17
11	8	13	9	4	16	10	15	12	5	1	7	14	19	18	3	17	20	6	2
2	13	10	4	20	3	16	11	15	12	19	9	8	5	1	14	6	17	7	18
2	14	4	20	1	12	9	13	17	19	8	15	3	11	18	5	16	6	7	10
12	7	20	5	15	16	1	17	19	6	14	9	18	11	2	10	8	3	13	4
11	17	9	10	5	1	13	3	4	14	8	6	12	15	16	18	2	7	19	20
9	19	6	14	5	2	17	7	10	16	8	11	1	18	12	20	4	15	3	13
10	18	4	19	14	12	5	16	13	8	2	15	6	3	9	20	11	17	7	1
12	2	4	20	3	10	7	5	13	6	19	9	11	17	1	16	15	8	14	18
12	18	11	4	13	8	7	14	20	16	19	2	17	10	6	3	15	9	5	1
2	14	16	19	11	20	13	7	4	12	3	1	5	15	10	17	18	8	9	6
15	11	16	20	13	6	19	14	2	3	17	4	10	18	1	9	7	12	8	5
2	18	9	5	17	3	10	15	7	20	13	19	14	6	12	11	16	8	1	4
2	3	10	13	12	9	4	18	14	5	6	15	19	1	11	7	8	20	17	16
4	12	3	5	7	6	17	10	8	16	2	13	18	15	20	1	11	9	14	19
14	8	7	20	17	19	13	11	6	9	1	3	4	18	5	16	12	2	10	15
19	17	11	15	6	9	7	8	20	2	1	13	10	4	5	14	18	16	12	3
11	19	8	5	4	12	7	3	2	17	13	15	6	10	9	14	18	20	16	1
4	19	17	18	13	6	14	16	5	8	12	7	3	9	11	20	15	1	10	2
17	10	11	4	1	2	19	15	9	7	12	13	3	14	6	18	8	16	20	5
14	17	7	10	19	2	1	12	18	9	16	6	15	5	20	3	4	8	13	11
5	12	2	9	15	3	18	7	11	20	10	4	17	1	13	8	16	14	19	6
3	17	14	11	7	16	13	5	18	4	6	9	15	8	2	19	20	12	1	10
3	17	15	6	1	5	7	14	19	20	10	9	4	2	16	12	13	18	8	11
8	16	19	6	5	4	1	14	2	13	17	12	10	20	15	9	11	18	3	7
15	17	16	8	2	10	14	6	19	12	13	18	11	1	7	3	9	4	5	20
9	5	7	8	14	15	13	19	16	20	10	1	12	6	17	11	4	18	3	2
8	3	9	10	17	6	15	1	2	20	13	5	12	4	7	18	14	11	19	16
16	2	7	9	5	6	8	4	19	12	3	20	1	15	17	10	18	11	13	14
1	15	12	9	17	20	8	7	13	5	18	11	3	14	16	4	19	6	2	10
10	14	2	13	3	19	11	12	6	4	15	1	20	5	9	17	7	16	18	8
16	10	12	5	20	13	17	18	6	8	4	7	9	1	19	11	3	2	15	14
3	2	14	10	9	8	13	6	15	17	12	18	19	16	11	5	20	7	4	1
2	6	8	14	9	19	12	4	5	16	15	18	17	13	11	3	20	10	7	1
9	18	1	2	5	13	4	19	3	15	12	14	20	17	6	11	8	10	16	7
17	6	10	19	18	11	14	1	5	9	2	3	7	12	13	16	20	8	4	15
6	8	20	10	14	13	12	17	19	18	11	4	7	15	5	2	1	3	9	16
11	5	6	13	20	9	17	16	12	1	8	2	3	18	19	15	10	4	7	14
Due dates: 
2025	
2829	
2649	
2357	
2860	
2461	
1818	
2364	
2634	
2950	
3074	
1833	
2801	
2534	
2494	
2842	
2885	
2880	
2699	
2279	
2951	
2758	
3416	
2528	
2616	
2672	
2543	
2699	
2598	
2346	
2415	
3326	
2390	
2333	
1781	
3068	
2507	
2441	
2859	
2550	
