15	40
Processing times: 
111	104	81	67	8	48	171	136	112	31	116	48	49	65	22
157	150	64	95	133	197	70	142	60	191	162	200	70	68	151
152	48	169	175	116	1	136	155	100	78	198	75	44	143	40
76	199	169	25	3	56	83	62	182	68	133	35	103	17	26
19	174	169	160	31	184	26	32	138	57	92	51	6	23	105
5	70	41	194	165	151	164	196	85	28	21	167	4	148	123
139	96	51	23	4	84	180	122	193	158	169	193	5	143	140
199	124	153	8	174	193	128	67	7	98	86	158	43	48	52
199	27	27	27	186	12	81	12	27	191	197	1	108	93	151
169	68	26	149	97	160	48	185	152	55	172	15	53	170	65
184	63	154	122	43	14	128	85	95	102	27	34	131	55	173
13	173	158	150	117	59	164	72	78	111	156	193	182	194	145
124	198	58	121	132	195	54	63	128	126	200	125	142	161	27
67	60	94	17	197	105	86	144	31	49	54	106	13	149	173
125	135	200	12	146	138	78	10	107	13	183	112	57	43	9
172	155	44	79	9	182	162	6	68	101	52	62	127	91	68
115	2	72	151	138	152	152	36	6	195	99	4	180	177	79
58	110	118	120	42	195	159	118	146	138	199	88	148	19	12
177	41	84	173	150	59	165	185	57	63	133	59	146	115	99
43	169	122	159	56	55	180	103	127	4	103	88	39	135	116
194	11	126	189	134	4	43	78	68	10	48	48	150	91	181
3	80	53	97	52	80	60	158	139	167	197	158	194	139	10
122	104	41	148	129	173	138	149	76	140	138	167	22	146	185
98	20	184	108	120	121	115	61	178	95	37	94	87	6	112
106	130	118	77	41	96	21	44	7	33	181	27	17	29	166
175	189	147	121	160	22	159	11	111	2	181	68	16	152	73
191	53	10	136	189	106	75	118	42	110	112	43	50	18	61
156	87	188	137	55	158	120	169	3	22	142	197	116	88	91
106	191	132	126	153	51	40	176	100	49	100	146	147	52	109
75	50	171	138	90	150	197	4	27	158	185	103	73	146	55
198	178	53	107	195	179	109	177	23	176	158	63	123	17	70
137	190	131	118	149	37	18	31	23	191	137	159	17	179	14
67	41	194	179	9	148	2	15	153	123	92	114	117	174	88
3	164	140	148	132	167	47	84	46	137	71	173	59	182	149
152	164	88	26	140	135	75	160	94	12	38	186	61	147	130
31	94	181	8	185	3	99	128	140	148	85	70	168	80	192
39	125	118	29	199	144	43	38	163	144	141	4	125	12	96
69	126	176	141	135	62	149	195	77	177	116	122	70	127	88
65	187	72	79	110	175	160	62	144	84	76	179	30	155	189
192	169	27	44	158	61	180	135	80	189	106	22	114	49	75
Routes of jobs: 
1	11	13	9	5	8	15	2	10	7	6	4	3	14	12
14	3	8	11	6	1	13	9	7	15	12	10	5	4	2
7	2	5	14	13	3	1	9	15	10	6	12	4	11	8
15	8	3	11	7	10	14	13	12	9	5	2	1	4	6
7	8	6	10	12	5	15	9	13	2	14	3	4	11	1
11	8	5	9	15	4	10	3	2	6	12	7	13	14	1
13	1	2	14	11	9	7	8	4	12	6	3	15	10	5
13	2	15	4	8	6	7	1	12	10	3	5	9	11	14
2	8	12	15	9	6	7	13	10	4	1	11	5	3	14
4	11	14	5	3	15	1	2	9	10	6	13	7	12	8
13	4	6	9	3	2	12	10	14	11	15	8	5	7	1
6	14	7	8	12	3	4	5	1	13	9	2	11	10	15
7	14	5	3	15	8	6	12	13	9	1	2	4	11	10
8	2	5	13	7	3	14	10	15	11	6	1	4	9	12
13	3	14	11	4	5	6	15	10	7	9	1	12	8	2
4	9	6	2	13	1	5	15	3	8	7	10	14	12	11
4	14	13	7	1	3	15	5	6	8	11	9	12	2	10
15	12	6	9	11	1	5	3	7	2	8	14	13	4	10
9	5	8	1	3	4	7	15	10	6	13	2	12	14	11
8	13	5	12	3	4	14	10	2	6	1	11	9	7	15
13	9	1	12	2	4	6	11	14	8	10	15	3	5	7
8	12	9	13	4	7	10	15	3	1	11	2	14	5	6
10	8	1	14	4	6	11	3	13	12	9	5	15	7	2
6	11	13	5	12	4	3	15	7	1	2	10	9	8	14
9	13	10	3	7	15	14	2	11	6	5	8	1	4	12
8	7	12	2	4	3	1	15	14	11	10	13	5	6	9
13	5	6	12	4	3	15	7	1	9	14	10	8	11	2
2	11	9	3	4	5	6	8	1	7	14	10	13	12	15
2	6	5	10	9	13	7	8	11	1	14	3	15	4	12
6	12	3	15	13	10	1	8	4	5	2	11	7	9	14
14	6	3	1	4	2	12	7	10	5	9	11	13	15	8
8	7	6	1	11	14	2	12	10	13	4	15	3	5	9
7	4	5	13	12	3	8	1	14	11	9	2	10	15	6
4	10	7	3	1	12	11	9	15	14	5	2	8	6	13
12	2	11	14	1	4	10	6	15	5	13	3	8	7	9
7	15	1	3	2	9	14	10	11	13	6	5	8	12	4
5	15	2	3	14	13	9	11	10	8	6	1	7	12	4
13	15	1	7	11	10	2	3	6	8	12	9	5	14	4
8	7	15	10	1	12	9	13	5	6	2	3	11	14	4
12	9	11	15	14	1	5	7	2	3	4	10	13	6	8
Due dates: 
1286	
2101	
1794	
1361	
1394	
1719	
1871	
1692	
1473	
1743	
1552	
2162	
2040	
1480	
1505	
1516	
1714	
1838	
1877	
1649	
1513	
1746	
2066	
1580	
1203	
1746	
1446	
1902	
1846	
1785	
2009	
1685	
1668	
1873	
1769	
1774	
1563	
2014	
1944	
1762	
