20	30
Processing times: 
114	122	7	22	68	28	34	102	116	88	75	160	190	70	149	158	102	152	178	47
78	47	38	126	200	25	1	96	91	175	44	136	72	53	199	81	77	167	171	9
49	78	26	145	101	64	186	89	163	24	122	159	123	148	96	190	135	9	63	105
99	81	150	156	90	7	184	161	37	56	121	176	59	126	100	107	20	179	17	58
99	38	89	75	9	47	160	200	138	175	11	75	124	39	122	137	35	104	94	151
76	71	23	33	123	168	73	7	191	198	102	45	81	91	151	160	112	78	158	59
196	47	108	108	134	107	198	124	77	170	110	62	179	87	181	192	188	83	117	118
192	112	65	191	136	167	199	22	6	169	14	164	60	24	106	200	129	132	34	187
140	4	79	171	21	119	85	52	125	49	95	8	24	94	176	23	87	138	35	89
12	188	55	194	21	146	10	134	106	35	23	105	176	181	97	142	192	165	178	30
103	166	12	112	29	138	180	167	120	117	19	55	144	185	3	139	145	164	125	47
45	125	88	173	105	95	132	184	127	55	198	148	122	157	27	98	28	89	127	38
91	198	114	86	193	165	174	47	155	99	127	78	66	74	146	142	43	81	6	126
135	129	156	166	60	145	1	182	195	46	34	159	134	93	125	25	33	175	125	25
111	8	192	41	114	160	197	96	10	84	83	103	133	74	56	52	3	146	182	152
104	52	28	156	20	4	150	47	5	111	81	42	9	21	99	133	90	131	189	84
48	35	150	97	125	81	99	34	151	176	135	137	120	87	82	164	90	174	32	107
22	199	146	22	88	62	155	7	62	27	172	23	129	152	48	119	14	162	168	61
197	25	138	74	69	102	147	28	11	190	47	33	86	149	125	3	173	41	186	57
81	184	19	141	9	155	117	33	115	80	131	35	102	61	33	153	15	109	97	141
136	11	17	88	34	9	84	43	53	187	79	89	79	29	146	181	59	137	122	8
40	192	127	32	113	111	156	24	106	188	2	161	24	7	85	1	81	167	129	150
7	5	103	162	22	196	165	3	18	127	1	124	49	144	138	21	198	49	154	184
116	28	17	107	191	46	89	31	22	165	85	109	169	125	139	118	8	134	39	43
96	163	130	116	51	90	69	146	7	8	33	65	116	115	129	34	53	109	42	150
35	181	30	59	25	144	175	123	29	100	84	185	46	97	190	87	145	34	16	46
54	136	66	2	87	100	60	63	186	185	122	101	128	139	104	54	104	19	15	48
8	107	62	164	191	149	103	43	86	131	1	56	109	11	31	50	180	183	191	32
153	112	40	101	157	197	7	71	161	46	123	76	199	47	188	57	131	45	135	35
114	173	161	93	135	160	71	139	42	172	169	37	113	86	173	107	11	29	182	190
Routes of jobs: 
10	19	13	9	1	12	18	15	17	16	8	7	3	6	5	4	11	20	2	14
6	20	7	2	13	1	18	11	8	16	10	14	9	3	15	5	4	19	12	17
9	10	3	2	6	19	14	8	12	17	18	13	20	15	16	4	11	5	1	7
3	19	7	2	20	15	10	9	1	5	13	11	18	14	4	8	6	16	17	12
3	16	19	7	2	20	8	9	10	15	14	18	5	12	1	13	4	11	17	6
20	7	16	5	12	13	4	2	18	9	10	6	14	11	3	1	19	17	15	8
12	18	8	3	16	17	5	6	7	20	11	10	9	13	1	19	14	2	15	4
4	10	3	7	12	9	13	17	14	11	16	8	1	19	20	5	15	2	18	6
20	9	17	13	18	5	3	16	6	10	4	8	14	19	7	12	11	15	1	2
7	5	6	20	15	2	10	13	8	9	18	4	19	17	14	16	12	1	11	3
7	2	16	19	1	5	20	13	3	9	10	11	4	15	12	6	8	17	18	14
4	5	1	12	19	14	6	20	3	15	9	8	2	7	18	10	17	11	13	16
6	7	3	15	4	20	8	18	17	12	2	14	9	5	19	11	16	10	13	1
17	12	13	16	4	19	9	7	11	20	14	1	18	3	8	6	2	5	10	15
19	10	16	5	7	1	15	14	17	6	3	20	8	2	11	9	4	12	13	18
13	15	10	19	7	1	11	2	8	16	17	20	4	3	18	9	14	12	5	6
11	18	19	1	5	17	20	8	15	14	16	12	7	13	4	9	6	3	10	2
20	1	12	6	4	14	5	13	8	11	10	18	16	19	15	17	7	2	3	9
8	6	1	13	9	12	18	19	5	11	4	15	7	16	17	3	20	2	14	10
19	12	9	16	11	10	2	6	8	7	1	5	4	20	13	3	18	15	14	17
16	17	19	8	10	18	6	5	3	13	2	1	20	7	11	9	4	14	12	15
8	10	4	15	18	11	1	16	12	19	20	3	2	17	7	5	9	6	13	14
6	11	3	1	14	9	18	4	13	19	12	7	16	5	8	20	15	2	10	17
4	16	8	20	7	10	15	13	2	6	18	9	1	17	14	3	19	11	12	5
1	12	5	6	2	8	4	17	11	14	20	19	7	18	13	15	10	9	16	3
15	4	13	8	18	9	5	16	10	20	2	3	19	17	1	7	14	12	11	6
11	5	9	3	8	16	20	7	19	13	12	2	1	6	4	15	18	14	10	17
2	4	8	15	9	14	18	1	12	10	16	19	3	20	13	6	11	5	7	17
10	13	4	7	17	19	3	8	20	18	14	6	5	16	11	12	15	1	2	9
10	3	4	2	7	18	16	17	14	15	13	9	20	6	19	11	12	5	1	8
Due dates: 
2181	
2075	
2283	
2183	
2115	
2200	
2845	
2540	
1776	
2409	
2387	
2378	
2433	
2358	
2197	
1712	
2337	
2022	
2070	
1993	
1751	
2086	
2057	
1960	
1895	
2015	
1951	
2077	
2290	
2593	
