20	40
Processing times: 
86	137	172	48	143	117	72	157	154	33	53	131	187	191	71	57	134	134	73	193
127	12	104	3	99	37	159	125	200	57	157	186	200	40	134	77	108	133	45	69
98	171	31	140	104	136	21	17	162	5	9	134	151	183	149	108	184	196	14	116
51	39	3	65	138	73	4	10	115	148	103	23	25	93	68	119	121	129	70	89
28	132	171	157	175	136	131	65	188	174	25	59	2	135	136	165	123	104	4	26
115	187	189	145	19	149	24	15	12	124	120	105	198	113	175	161	65	28	124	15
134	92	59	111	162	181	156	53	76	184	158	176	180	100	35	4	153	188	40	143
1	93	78	125	99	96	152	147	65	185	93	139	139	22	83	60	34	43	192	161
154	169	142	49	85	35	60	79	142	81	83	68	130	175	137	70	64	23	65	67
96	48	24	77	127	150	140	88	94	49	48	3	73	62	53	171	63	166	53	59
197	27	161	132	21	178	140	42	89	48	145	167	138	199	192	103	85	175	191	41
80	16	110	45	110	170	102	91	75	85	83	114	110	134	183	113	18	162	170	31
74	70	99	140	98	131	181	12	28	42	17	55	20	25	32	91	147	195	189	14
161	136	150	61	137	60	115	163	112	157	111	120	122	199	119	24	198	174	106	181
86	139	3	12	126	171	98	173	52	101	169	47	67	97	92	44	91	68	29	166
59	196	91	136	128	163	50	19	39	93	90	29	183	118	77	180	185	130	80	111
40	164	183	118	52	133	70	115	126	176	160	34	31	56	173	67	72	29	63	66
51	132	56	85	113	92	34	6	73	176	113	197	95	24	38	79	63	110	41	91
200	193	96	73	34	159	38	19	171	67	43	29	187	104	112	167	145	157	59	142
116	148	66	95	58	191	145	95	172	42	173	184	123	75	152	152	113	13	9	55
190	2	55	148	53	86	4	71	158	154	189	100	139	163	179	148	161	40	156	44
130	160	99	193	162	57	122	125	149	193	42	18	28	61	139	66	157	5	30	161
1	52	157	12	166	48	99	65	131	43	17	105	61	60	190	39	183	104	62	28
26	147	76	95	184	118	163	139	130	194	178	54	127	69	148	157	185	101	5	67
4	134	193	64	75	146	56	6	75	60	77	190	70	84	138	65	106	186	133	193
73	32	147	135	192	112	96	86	3	191	185	114	15	105	93	145	41	43	116	20
117	147	178	31	184	101	121	92	67	159	82	73	65	108	144	67	168	5	46	68
10	16	117	66	104	156	30	80	200	122	32	190	89	175	54	5	148	41	113	78
5	171	49	161	95	125	65	138	30	58	48	81	81	57	86	108	170	152	124	93
69	27	108	93	155	70	117	60	88	100	7	152	145	46	188	49	183	149	144	171
182	79	153	25	158	107	8	43	115	8	127	101	189	188	17	143	179	39	179	55
13	189	38	109	158	45	150	165	68	161	104	121	78	6	30	134	160	28	194	153
112	191	198	94	123	86	105	123	199	88	194	72	157	101	114	145	181	90	48	82
42	91	60	45	33	113	157	108	50	71	136	23	78	19	163	63	41	184	107	61
96	59	15	103	101	165	72	101	131	53	62	158	112	30	17	166	151	157	56	83
104	106	143	110	33	74	96	131	70	106	63	173	124	52	7	198	173	107	184	129
91	159	147	200	67	117	117	107	169	19	76	24	151	146	103	95	47	51	41	123
12	28	101	35	173	19	107	20	95	48	130	22	150	125	163	86	173	180	81	118
96	117	117	149	196	19	105	48	49	2	188	128	28	46	135	30	145	9	37	184
5	27	110	36	92	59	169	38	182	13	114	75	87	100	127	56	157	169	80	146
Routes of jobs: 
20	4	11	13	3	8	10	9	16	5	17	14	15	19	18	2	6	7	12	1
15	5	19	7	18	2	8	1	3	10	12	11	17	4	14	20	16	6	9	13
19	7	4	11	18	5	20	2	14	12	10	16	13	6	1	3	15	17	9	8
17	15	4	13	3	16	10	7	6	8	20	2	12	9	11	18	19	1	5	14
6	13	1	12	19	5	8	16	17	18	7	4	10	14	9	11	3	2	20	15
7	6	3	4	10	17	15	12	11	20	13	8	1	2	9	19	18	5	16	14
9	16	7	15	17	11	4	6	8	14	2	10	5	20	19	13	18	3	12	1
8	10	1	14	3	15	5	4	18	20	17	19	6	16	13	12	2	7	9	11
9	1	7	13	20	16	6	3	8	18	12	17	10	19	4	5	11	15	14	2
8	11	5	3	14	6	18	12	1	4	15	19	2	17	13	7	10	20	9	16
6	17	1	9	4	5	19	20	15	13	18	2	14	8	12	3	10	11	7	16
15	2	6	12	20	11	4	5	17	1	9	10	3	19	7	8	14	16	13	18
16	10	20	18	17	4	5	6	12	14	9	2	3	1	8	19	13	11	7	15
7	19	2	18	4	5	9	14	3	16	17	6	1	8	13	15	10	11	12	20
15	3	16	14	11	17	20	1	6	8	10	2	19	18	7	9	5	13	12	4
9	16	20	6	14	13	18	17	12	4	11	5	3	19	15	2	7	10	8	1
18	7	3	5	15	13	14	9	1	6	11	12	10	4	8	2	20	17	16	19
1	18	19	2	12	17	14	8	3	20	5	10	6	13	9	15	4	16	7	11
6	10	19	9	11	15	17	5	20	12	2	8	7	4	13	14	16	3	1	18
11	8	13	3	12	1	18	5	16	9	17	15	6	10	2	20	4	7	19	14
17	18	6	3	2	8	20	1	19	7	10	9	13	11	4	15	5	14	16	12
9	5	10	7	20	8	19	12	6	15	17	18	14	1	13	3	16	4	11	2
8	9	3	5	14	16	20	1	6	2	19	17	12	15	13	11	7	4	18	10
8	16	13	9	1	4	19	18	12	17	11	5	3	15	14	10	6	2	7	20
7	19	8	15	17	16	5	3	14	4	10	1	2	12	11	13	6	9	18	20
18	14	11	12	10	20	3	8	16	2	9	5	6	13	19	17	15	4	1	7
5	3	4	2	11	7	18	1	10	14	16	13	19	15	6	8	9	17	20	12
15	8	9	1	13	11	5	2	17	18	19	14	20	16	3	4	6	12	7	10
12	20	18	11	2	1	13	14	7	16	17	10	9	5	4	3	6	8	15	19
10	11	13	9	18	3	4	14	8	7	17	5	20	19	6	15	1	16	2	12
2	12	13	5	6	9	16	14	10	11	17	18	4	8	1	3	7	20	15	19
16	3	4	20	9	8	7	13	14	19	6	2	15	10	1	11	5	12	18	17
5	4	1	12	6	3	18	20	15	17	10	8	16	11	19	9	2	7	14	13
20	8	10	5	18	17	12	13	7	6	16	4	9	14	15	2	19	1	11	3
9	2	3	10	20	17	4	1	14	15	16	11	7	5	18	8	12	19	6	13
17	13	6	5	11	19	2	14	20	12	1	4	9	3	16	10	8	15	18	7
20	12	13	18	10	2	8	9	17	11	7	14	16	15	3	19	5	6	4	1
6	17	3	20	9	16	8	14	12	2	13	5	18	11	4	19	10	15	1	7
15	10	13	7	12	6	17	8	16	19	11	3	4	20	18	2	5	14	1	9
15	12	13	10	5	3	18	6	7	8	1	11	19	16	17	2	20	4	14	9
Due dates: 
3046	
2694	
2768	
1932	
2777	
2708	
3101	
2610	
2442	
2138	
3213	
2603	
2158	
3388	
2381	
2805	
2507	
2170	
2854	
2831	
2912	
2727	
2110	
3072	
2672	
2528	
2630	
2374	
2467	
2758	
2724	
2736	
3254	
2139	
2455	
2838	
2665	
2426	
2377	
2395	
