15	20
Processing times: 
151	22	128	144	96	93	16	21	177	138	137	84	119	107	195
91	79	182	160	159	141	109	98	153	123	47	54	5	5	95
136	190	183	62	173	6	173	183	28	139	140	67	115	91	186
54	35	136	43	40	188	194	32	18	184	186	112	23	119	58
157	199	115	43	55	22	150	12	58	82	63	13	183	60	25
71	3	39	109	112	185	113	14	59	24	102	20	19	32	98
184	99	126	44	158	146	38	111	101	135	92	133	117	194	13
67	11	93	29	93	66	103	16	96	4	148	192	21	28	64
30	155	69	114	189	143	153	124	27	130	78	185	53	87	86
35	93	75	56	17	127	133	5	172	186	126	109	67	101	168
92	192	146	199	90	57	40	90	94	131	56	190	185	135	103
45	126	122	69	45	152	158	157	148	192	148	44	93	103	13
34	138	14	127	179	172	137	107	182	113	82	107	178	118	157
21	131	163	48	106	74	125	161	195	101	104	9	115	20	9
34	59	56	194	55	76	147	187	2	13	104	166	11	74	118
45	170	135	72	56	146	190	57	148	39	163	14	168	101	99
104	75	183	152	166	10	122	32	94	161	150	1	98	113	26
42	62	86	118	128	153	134	156	80	105	16	186	84	42	129
160	119	93	22	168	138	162	65	56	171	20	8	137	193	92
185	19	11	87	171	14	65	61	34	93	154	67	14	136	27
Routes of jobs: 
12	13	3	4	9	1	10	7	15	6	14	2	11	5	8
15	1	9	7	3	11	8	12	5	10	14	13	6	2	4
14	4	5	12	1	11	13	3	15	6	2	7	10	9	8
14	6	4	9	13	15	3	1	7	2	5	8	10	12	11
2	12	11	9	5	10	6	13	4	1	15	14	7	8	3
7	4	6	9	2	10	1	15	14	11	13	12	5	8	3
14	12	13	15	8	3	9	7	1	10	2	11	6	4	5
7	5	13	11	6	4	2	10	14	3	12	1	9	8	15
8	12	7	6	1	9	3	10	13	5	15	11	2	14	4
15	8	5	10	7	1	14	9	4	11	3	2	13	12	6
5	4	13	9	7	1	3	8	10	6	14	12	2	11	15
5	1	8	15	2	12	6	11	3	7	9	14	4	13	10
8	7	3	10	2	9	5	12	14	6	15	13	4	1	11
15	3	11	14	1	4	2	12	7	10	5	9	8	6	13
8	5	6	3	2	13	14	9	4	10	11	7	12	1	15
8	6	4	7	12	1	9	3	14	15	13	2	5	10	11
9	8	1	15	3	11	12	14	7	10	13	4	2	5	6
5	15	14	1	13	3	9	7	12	6	8	4	2	11	10
8	2	15	4	9	13	14	6	7	10	12	3	5	1	11
13	9	4	8	12	5	14	2	1	10	11	7	3	6	15
Due dates: 
1303	
1201	
1498	
1138	
990	
800	
1353	
825	
1299	
1176	
1440	
1292	
1476	
1106	
1037	
1283	
1190	
1217	
1284	
911	
