15	50
Processing times: 
128	127	196	195	158	122	156	13	120	45	74	185	57	104	69
133	13	86	168	35	70	66	6	68	118	147	166	26	31	35
78	52	68	120	57	192	1	148	178	164	15	88	108	98	35
101	33	135	90	55	52	78	160	72	85	50	136	49	21	120
16	65	92	47	41	177	11	69	142	51	134	20	179	104	120
199	66	159	55	81	86	27	161	12	165	128	168	198	75	79
10	41	28	113	77	50	163	39	133	148	93	117	106	18	82
137	22	95	143	44	123	39	138	149	197	56	3	83	49	121
47	121	122	142	190	158	33	14	51	133	95	168	86	129	5
34	140	194	84	167	159	53	143	197	53	149	58	177	49	123
28	192	109	73	88	38	192	54	21	85	193	169	124	103	149
44	90	195	104	15	129	156	66	62	170	76	122	108	49	2
103	52	100	168	145	50	74	200	98	11	173	31	12	174	9
65	20	95	117	134	5	61	187	5	46	142	162	151	14	11
132	188	50	58	94	127	12	198	66	26	150	90	20	191	183
22	69	93	55	13	4	39	145	94	38	191	89	95	85	183
58	152	57	37	181	52	121	53	24	134	42	179	166	135	21
149	30	8	161	124	46	73	148	44	77	122	126	168	26	13
110	12	93	135	96	24	169	112	177	58	169	52	78	172	101
35	143	176	30	192	157	108	196	81	152	125	97	139	2	171
177	71	90	190	28	34	105	7	128	24	186	41	44	192	95
127	118	101	109	78	49	200	142	124	86	16	189	134	31	45
26	128	74	149	172	199	38	19	194	40	4	154	53	41	50
52	191	61	85	97	91	185	119	169	41	197	61	2	159	188
90	72	47	180	96	47	30	143	61	116	42	164	128	126	194
70	196	61	158	134	79	28	55	94	43	33	177	134	181	13
38	192	61	184	173	143	141	59	45	175	192	24	175	42	120
97	123	8	151	169	22	137	83	103	199	86	173	161	112	16
37	129	33	82	183	19	122	116	97	13	173	73	59	83	173
147	130	155	3	63	41	18	158	5	71	105	133	181	103	159
199	73	166	19	108	200	129	15	175	163	194	125	46	37	154
14	132	175	105	163	54	159	75	186	194	92	120	148	32	104
158	1	20	110	127	172	171	2	52	90	95	133	159	46	161
188	48	27	82	67	89	68	96	52	48	186	21	111	165	31
200	131	87	32	131	6	54	54	82	126	13	131	197	116	71
78	120	85	4	101	147	6	42	121	58	155	101	96	104	179
76	121	160	187	109	134	53	185	133	59	88	108	76	83	191
200	1	44	85	110	174	169	152	165	125	57	165	129	52	40
150	25	114	130	90	175	50	43	172	169	192	152	22	199	145
35	43	17	72	52	143	107	186	117	110	129	143	157	75	127
128	197	74	32	181	170	118	36	143	137	87	119	75	26	197
139	182	53	25	151	113	161	108	68	19	197	168	124	165	113
146	105	69	96	21	93	168	48	106	142	10	93	9	111	163
185	108	89	52	119	30	194	115	158	47	149	15	171	57	109
149	53	30	67	197	129	51	33	93	4	162	35	109	18	58
134	6	110	9	32	91	98	185	194	160	101	79	168	119	111
69	117	171	55	118	71	164	97	16	170	84	156	187	27	104
180	120	60	45	174	116	185	120	196	168	125	36	2	64	106
163	136	150	194	51	81	96	67	154	61	137	44	185	101	98
142	35	38	174	168	130	43	174	101	104	171	36	111	60	107
Routes of jobs: 
1	9	8	10	11	12	6	4	15	2	13	14	3	7	5
10	15	9	4	5	8	12	1	6	2	13	3	11	7	14
8	2	1	13	9	12	5	3	14	11	4	6	15	7	10
2	13	9	15	4	11	1	14	7	3	8	5	10	6	12
11	3	12	1	9	10	2	14	13	7	15	5	4	8	6
5	6	4	1	12	15	3	9	10	7	13	2	11	8	14
11	12	8	6	1	2	7	9	13	3	4	5	14	10	15
14	4	6	8	10	13	7	11	12	2	5	9	15	1	3
4	13	1	2	15	9	7	3	10	8	6	11	14	12	5
2	10	3	11	14	5	8	9	7	4	15	6	1	12	13
11	5	6	13	3	7	15	10	4	2	1	14	9	12	8
11	2	5	14	7	3	9	15	13	8	12	6	1	10	4
9	14	5	4	6	13	10	11	3	7	2	1	15	12	8
3	7	11	9	8	15	13	1	5	10	14	4	6	2	12
9	12	4	8	14	11	7	10	1	13	6	3	2	15	5
12	14	6	1	15	7	10	4	8	2	11	3	5	9	13
10	15	13	4	6	2	1	7	9	12	11	5	3	14	8
7	12	10	4	13	2	9	15	11	5	1	6	14	8	3
2	7	10	1	9	4	15	11	5	3	13	6	12	14	8
15	10	3	8	6	11	1	7	9	12	13	5	2	14	4
10	4	8	15	9	14	11	13	12	1	5	3	7	2	6
5	11	12	2	1	14	6	4	10	15	7	9	8	3	13
9	1	6	3	10	7	13	5	14	12	4	2	8	15	11
8	15	1	12	11	14	9	13	5	2	7	3	10	4	6
14	13	11	3	8	7	10	1	6	4	15	5	12	9	2
8	13	7	5	9	10	14	3	1	2	6	11	12	15	4
12	13	10	5	14	8	2	3	9	11	7	1	6	15	4
7	14	11	12	9	3	10	15	6	8	4	5	13	2	1
4	7	9	12	14	3	6	1	15	5	11	2	8	13	10
12	11	3	5	10	14	15	9	6	4	1	7	13	2	8
3	11	6	1	5	8	12	10	7	13	9	4	15	2	14
5	2	7	14	6	8	4	11	13	15	12	9	1	10	3
13	8	6	7	1	3	11	15	9	14	2	10	5	12	4
8	14	12	11	1	13	9	6	3	4	2	10	5	15	7
1	12	7	13	5	10	15	2	14	9	3	8	11	6	4
2	6	10	3	11	8	13	9	1	15	14	5	7	12	4
13	9	7	11	2	5	3	10	12	6	1	15	4	14	8
14	7	2	4	12	8	6	9	1	11	10	15	13	5	3
8	7	2	3	10	14	5	1	6	13	11	15	9	4	12
1	15	14	11	2	12	7	3	8	5	6	4	10	9	13
5	4	11	6	7	10	1	12	9	3	14	15	13	8	2
4	11	14	3	13	12	10	1	6	8	15	9	7	2	5
11	3	6	5	8	15	14	4	1	13	7	2	12	10	9
7	5	3	12	2	10	4	8	1	14	15	13	11	6	9
5	9	14	11	4	8	15	2	3	13	1	12	7	10	6
13	7	5	6	1	14	3	15	12	9	11	2	8	4	10
14	9	12	8	5	11	4	6	3	7	10	15	1	2	13
4	14	2	11	3	12	6	9	10	13	8	1	5	15	7
8	6	10	5	1	4	7	13	3	15	11	12	2	9	14
3	4	12	15	14	8	7	2	9	10	1	5	11	13	6
Due dates: 
2187	
1460	
1753	
1547	
1585	
2074	
1523	
1749	
1868	
2225	
2023	
1735	
1750	
1519	
1982	
1519	
1765	
1644	
1948	
2255	
1765	
1937	
1677	
2123	
1920	
1820	
2205	
2050	
1740	
1840	
2254	
2192	
1872	
1599	
1789	
1747	
2204	
2085	
2285	
1892	
2150	
2233	
1725	
1998	
1485	
1997	
2008	
2122	
2148	
1993	
