15	30
Processing times: 
43	64	194	9	48	43	48	108	118	143	122	171	175	199	49
127	185	153	30	95	11	145	21	12	197	166	144	102	165	69
120	110	22	102	142	96	101	149	129	165	141	11	155	163	173
63	38	92	16	152	124	99	200	120	71	173	34	64	111	70
125	143	51	126	77	117	15	29	111	62	22	77	40	199	54
186	75	154	92	191	126	121	36	126	199	50	93	126	76	75
15	182	123	45	48	38	39	135	23	167	195	10	16	94	197
159	187	155	36	194	59	28	95	171	51	2	172	147	31	200
49	188	147	107	170	43	173	149	56	108	104	39	183	113	68
21	47	145	36	59	156	18	4	128	101	8	107	83	128	109
141	113	64	166	174	97	98	130	111	63	165	43	163	167	152
69	156	17	79	166	200	104	126	134	97	29	71	70	7	31
93	99	72	46	119	54	148	36	195	198	51	20	64	60	8
63	171	176	77	134	133	190	44	55	124	196	110	124	174	174
104	19	64	46	123	44	32	133	164	19	191	62	146	87	17
191	32	27	55	10	192	3	170	154	104	74	134	153	134	15
68	95	29	106	3	158	78	47	18	5	28	174	127	31	70
93	116	107	24	148	174	101	115	46	146	85	19	112	171	82
53	141	146	109	74	70	23	125	132	74	176	80	75	195	86
93	136	133	196	121	127	178	149	184	116	81	69	34	108	104
120	65	118	133	97	190	96	179	118	12	127	18	97	9	93
120	156	90	34	174	144	109	98	28	118	48	33	110	61	3
112	63	90	67	3	153	37	95	2	44	141	67	107	136	181
185	26	33	115	11	90	149	104	81	169	153	71	174	106	111
142	102	50	172	94	149	151	158	87	28	94	19	98	74	13
161	195	191	76	63	114	92	13	193	118	72	175	94	80	118
124	184	138	174	63	170	17	77	127	185	27	88	112	10	14
155	13	72	193	196	11	191	66	16	99	149	81	49	81	199
86	66	69	76	145	29	39	136	124	171	73	198	44	196	96
161	111	68	131	193	49	147	31	95	185	21	150	189	158	110
Routes of jobs: 
14	4	7	9	8	2	15	5	13	11	6	3	12	10	1
1	3	13	6	10	14	15	5	7	4	9	11	8	12	2
9	2	10	1	6	15	4	13	11	14	5	12	7	3	8
1	13	4	3	5	15	11	7	8	10	9	12	6	14	2
13	15	8	14	2	1	3	7	6	12	4	9	10	11	5
7	1	9	14	4	12	11	13	6	3	8	2	10	5	15
3	15	9	2	4	6	8	12	7	5	14	10	13	1	11
11	14	3	1	6	4	12	13	15	2	8	7	10	9	5
9	3	2	7	1	14	11	8	4	6	10	15	12	5	13
4	1	9	13	7	3	12	8	15	11	2	14	6	10	5
12	4	2	5	1	15	7	11	8	9	14	10	13	3	6
13	4	15	6	9	11	2	3	1	10	7	12	5	8	14
6	3	5	9	1	10	8	11	15	7	2	14	12	4	13
10	8	5	11	13	7	12	1	9	6	14	15	4	2	3
4	12	1	13	8	10	11	3	7	15	2	14	5	9	6
1	8	12	5	6	3	14	11	13	2	10	4	7	9	15
9	3	11	5	2	1	15	4	7	8	10	12	13	6	14
5	9	12	14	1	10	2	13	15	4	8	7	6	3	11
2	9	7	1	12	13	5	4	11	15	10	14	3	6	8
12	9	2	1	11	4	3	5	15	13	7	14	6	8	10
13	4	12	1	11	7	10	5	14	8	6	2	15	9	3
4	7	6	5	3	1	13	9	8	15	12	2	10	14	11
2	4	8	6	15	12	14	1	3	5	7	9	11	10	13
14	9	7	4	12	3	6	15	8	13	1	5	11	10	2
14	6	10	1	15	5	13	7	2	8	12	11	3	4	9
8	3	12	6	15	14	13	10	7	11	2	1	5	4	9
14	8	7	5	15	2	9	1	3	10	6	4	13	12	11
9	5	12	10	3	13	4	7	2	15	11	1	14	6	8
3	2	7	1	14	12	5	10	8	11	4	15	13	9	6
1	9	4	15	7	3	2	10	12	6	5	14	11	8	13
Due dates: 
1458	
1541	
1691	
1356	
1186	
1640	
1261	
1603	
1613	
1093	
1755	
1289	
1200	
1848	
1189	
1376	
986	
1463	
1482	
1738	
1399	
1260	
1234	
1500	
1360	
1668	
1435	
1493	
1471	
1710	
