20	30
Processing times: 
150	113	86	80	47	140	15	35	200	35	160	90	191	87	120	115	160	63	143	59
138	38	88	158	70	42	3	104	32	13	37	169	149	120	197	198	137	34	129	22
19	19	110	71	149	6	172	163	42	39	6	45	30	11	66	166	79	186	69	71
49	167	54	48	199	140	56	85	142	128	37	196	1	104	100	132	51	118	96	61
6	29	123	70	190	157	52	153	166	131	68	33	172	113	177	182	90	55	172	22
87	9	89	73	82	137	154	200	173	9	174	105	32	121	75	28	121	157	17	3
48	81	178	150	20	65	141	178	46	113	146	126	156	46	134	192	11	4	99	22
180	64	28	75	153	139	181	15	123	115	145	16	55	25	124	194	191	12	128	58
172	59	61	193	127	16	118	44	126	195	105	18	155	155	8	182	197	123	101	163
170	117	13	130	137	7	33	128	17	53	6	92	189	87	1	72	123	103	156	110
40	98	126	6	10	115	32	153	41	156	116	145	76	46	129	73	68	76	113	199
37	2	52	57	83	116	138	152	139	85	157	77	88	68	130	9	146	46	23	25
41	74	16	130	115	108	97	192	176	120	52	113	191	128	163	100	89	122	121	4
91	20	168	64	181	13	37	153	155	61	15	34	21	115	197	146	132	72	187	174
127	184	34	97	125	77	179	25	54	184	46	113	156	190	54	156	43	132	53	157
110	146	38	45	62	95	109	169	53	71	192	109	150	113	3	185	5	83	113	151
31	154	167	50	122	52	77	123	184	119	82	168	13	100	61	117	74	163	120	159
25	177	21	181	53	109	191	165	19	176	44	150	60	126	31	56	148	179	87	101
56	24	132	9	138	162	192	95	185	200	172	2	131	118	84	13	169	110	54	157
34	102	83	121	27	31	138	71	51	52	25	1	54	186	73	122	59	70	145	30
14	95	136	30	49	114	198	126	99	167	75	41	131	113	156	111	143	36	131	14
62	198	141	91	14	149	161	94	200	146	95	61	40	145	130	14	14	142	188	162
184	17	118	70	177	200	30	165	173	37	115	176	167	124	184	178	92	144	28	76
37	146	192	197	162	23	104	30	24	84	125	54	73	130	133	51	139	26	191	88
199	149	28	164	154	108	78	175	90	78	192	134	113	44	51	79	60	171	55	108
132	163	61	58	58	194	36	135	143	38	45	196	102	192	49	62	129	175	67	126
186	138	23	119	32	90	70	178	152	137	152	163	49	61	21	104	180	9	127	9
160	188	39	22	57	123	96	174	20	28	18	8	43	137	49	24	33	117	157	36
137	166	162	200	37	129	198	166	181	121	26	132	66	71	73	169	38	185	143	146
62	172	10	163	92	116	177	161	63	143	124	159	23	89	24	195	131	106	86	46
Routes of jobs: 
4	14	6	7	9	2	19	11	13	20	1	8	12	3	17	15	18	10	16	5
17	4	19	5	15	8	3	20	7	2	10	1	14	16	6	13	18	11	9	12
19	2	7	6	1	9	17	8	13	3	14	16	11	4	10	20	15	12	18	5
14	16	18	10	15	13	17	12	3	6	4	5	19	7	1	11	9	8	2	20
5	4	6	1	11	3	18	17	9	10	19	8	14	20	2	16	12	13	15	7
6	13	10	1	19	11	4	15	16	7	9	5	3	14	17	2	20	18	12	8
7	11	12	18	19	10	2	9	5	16	15	20	6	3	17	4	1	8	14	13
19	9	6	4	3	7	12	20	1	18	8	15	11	16	10	17	14	2	13	5
8	7	5	10	14	4	20	12	1	3	9	2	11	18	6	13	17	16	15	19
18	19	6	17	12	5	1	4	20	14	16	2	7	15	11	13	8	10	9	3
11	1	12	18	17	3	6	5	2	15	10	4	8	20	9	13	7	14	16	19
13	1	5	18	10	16	20	15	19	2	12	4	9	8	3	17	7	14	11	6
20	9	5	6	18	10	14	11	16	19	4	13	8	12	7	2	15	3	17	1
14	3	16	9	12	19	18	5	8	4	20	15	1	2	11	6	13	17	7	10
4	16	17	8	19	12	13	2	1	3	10	11	20	9	5	18	15	14	7	6
8	4	3	7	10	15	6	18	5	19	17	11	12	2	14	13	16	1	9	20
14	11	12	20	10	15	9	3	7	18	6	19	5	8	16	1	17	13	2	4
7	1	12	6	17	18	9	8	5	16	10	2	15	20	4	14	11	13	3	19
2	9	10	4	5	8	11	17	20	18	16	14	7	1	12	13	15	3	19	6
15	9	2	7	13	17	8	6	4	20	14	16	11	3	19	18	5	1	10	12
6	8	3	15	5	4	9	19	1	16	20	7	18	17	10	12	13	14	11	2
1	19	17	7	20	18	16	6	13	4	5	11	2	14	8	10	15	3	12	9
12	16	15	6	14	9	1	4	2	7	19	3	17	5	20	8	18	11	10	13
19	3	5	8	14	2	4	16	9	7	6	11	18	10	13	17	15	1	20	12
8	2	9	1	11	17	6	7	5	16	13	19	12	14	3	15	4	20	10	18
11	12	19	1	10	17	3	2	16	7	4	13	18	14	8	9	15	20	5	6
8	17	9	7	14	19	12	15	2	18	6	5	10	3	16	1	13	20	11	4
6	5	15	16	17	9	10	11	14	3	13	12	18	2	19	20	7	8	4	1
1	18	3	14	13	8	15	9	12	2	19	17	16	5	10	11	20	6	7	4
9	12	20	3	13	19	18	8	6	16	15	14	1	2	10	4	11	17	7	5
Due dates: 
2298	
2066	
1671	
2161	
2378	
2031	
2152	
2224	
2550	
1919	
2000	
1794	
2368	
2240	
2405	
2203	
2350	
2309	
2424	
1623	
2177	
2472	
2701	
2210	
2453	
2378	
2200	
1682	
2801	
2357	
