20	30
Processing times: 
78	7	56	179	168	97	130	90	37	151	103	138	44	79	168	97	67	56	180	54
35	32	65	178	137	164	56	56	92	167	123	187	114	165	8	178	9	189	140	122
32	60	80	148	111	183	185	156	161	149	64	58	88	125	173	95	70	145	100	132
17	102	98	131	127	22	7	63	117	31	117	18	189	61	125	153	5	104	101	85
24	58	144	25	162	175	28	77	22	128	155	184	104	24	33	40	20	15	117	161
110	89	73	107	79	132	2	175	170	94	148	36	200	83	85	44	53	148	161	156
117	20	155	165	110	103	16	13	191	23	121	82	66	148	154	180	112	1	145	22
159	110	115	99	11	72	55	164	33	184	8	36	12	126	188	167	100	143	49	47
9	145	121	185	102	155	164	183	118	19	5	77	169	167	109	69	8	125	131	101
166	72	12	141	82	106	108	83	15	167	100	82	56	163	55	63	160	102	20	179
105	158	137	23	163	193	113	78	157	83	93	103	122	19	17	175	1	168	123	16
26	35	54	88	178	174	114	124	147	81	6	1	37	148	120	38	108	149	42	132
76	53	169	19	90	98	118	34	3	68	58	174	31	122	112	24	20	138	167	31
2	144	59	182	148	89	8	53	173	161	52	16	22	93	156	95	59	80	192	59
187	93	25	17	38	20	137	27	190	135	114	80	119	122	87	114	120	95	90	35
91	59	87	120	13	174	153	130	32	104	42	110	161	102	165	23	192	166	168	101
66	165	56	7	75	58	119	30	153	27	4	162	177	143	198	108	13	63	48	39
72	99	61	115	48	152	6	160	120	80	169	187	182	32	9	194	99	182	19	48
52	120	198	190	102	117	79	71	32	47	140	25	126	134	60	77	142	78	160	186
114	104	188	59	63	118	15	133	91	30	56	94	103	137	63	137	149	147	184	166
183	67	136	123	55	170	180	171	64	107	166	6	190	49	16	91	62	57	102	125
3	67	3	173	65	22	140	122	139	23	191	30	47	16	162	174	59	162	83	151
173	105	139	194	90	185	31	157	54	132	180	102	86	3	32	73	170	135	131	123
105	163	141	20	46	28	24	20	77	104	91	133	191	126	131	71	52	199	54	68
35	177	84	124	57	176	111	82	128	46	126	45	38	62	160	188	165	88	193	131
129	85	198	43	113	110	31	22	28	54	132	42	13	47	149	161	34	113	168	197
88	160	153	172	35	11	29	115	176	97	42	9	154	29	165	180	61	107	15	10
7	5	158	100	48	109	21	77	184	136	56	80	142	163	67	150	115	140	49	36
147	152	60	82	103	126	121	37	15	67	34	17	189	62	58	178	104	151	181	153
118	157	166	7	123	98	179	194	57	9	78	1	91	130	42	93	132	57	181	1
Routes of jobs: 
11	1	8	15	5	17	19	18	13	12	14	4	3	2	9	20	10	16	7	6
7	1	3	12	4	15	20	8	9	6	10	5	11	16	14	13	18	19	2	17
6	15	7	12	1	8	14	4	11	2	5	10	13	18	9	16	19	3	20	17
7	5	8	13	6	3	17	1	9	14	19	16	12	11	10	4	18	20	2	15
16	3	15	12	8	10	9	13	11	18	19	6	14	5	2	4	1	17	20	7
11	10	17	14	9	20	8	4	18	15	12	19	7	1	16	2	3	6	13	5
11	12	3	5	19	15	7	10	17	2	6	16	14	4	20	13	18	8	1	9
19	4	5	18	9	14	17	1	13	11	8	3	16	7	6	12	15	2	10	20
6	3	15	14	12	9	10	17	13	2	4	5	16	20	8	19	18	1	7	11
20	2	15	4	14	13	1	9	8	5	18	3	11	12	10	6	17	19	7	16
11	2	4	5	6	9	15	3	18	12	19	16	20	14	7	13	8	17	1	10
1	3	12	6	13	19	20	7	4	10	17	16	8	2	15	18	9	14	5	11
6	17	14	12	11	18	2	19	7	10	16	5	20	1	3	9	8	13	15	4
18	9	19	11	15	6	8	13	14	4	1	2	12	7	16	10	17	5	20	3
18	9	17	15	13	4	14	10	19	16	12	20	8	7	1	11	3	5	2	6
12	18	16	15	17	20	7	14	6	8	3	13	19	9	1	2	4	11	5	10
3	14	18	1	2	11	10	20	13	15	19	5	16	7	12	9	4	6	8	17
14	3	17	11	16	13	8	20	7	10	5	2	15	6	18	19	9	4	12	1
1	15	9	4	19	3	7	17	8	11	5	12	13	18	16	14	20	10	2	6
8	3	11	12	15	16	14	9	17	18	6	7	13	10	20	4	2	5	1	19
10	11	1	3	12	2	19	7	5	9	16	6	13	4	15	18	17	14	20	8
13	11	9	4	7	16	6	10	20	18	3	1	17	15	5	19	2	12	8	14
7	3	8	14	18	10	17	6	5	19	1	20	11	16	12	15	9	13	4	2
10	12	20	4	1	11	14	17	19	13	9	16	6	5	18	15	3	7	8	2
2	7	20	17	16	3	13	19	9	5	11	6	10	1	8	18	15	14	12	4
7	8	5	19	20	16	18	9	3	4	11	17	15	12	14	1	2	6	13	10
1	13	3	10	20	2	8	15	12	18	5	4	19	9	16	17	11	7	14	6
4	13	7	11	17	5	19	3	9	16	6	12	8	18	15	2	1	20	14	10
4	20	9	10	3	14	7	12	13	6	15	18	11	1	2	17	16	19	8	5
14	10	7	17	9	1	11	16	12	8	2	5	15	4	3	20	13	19	18	6
Due dates: 
2177	
2439	
2547	
1841	
1866	
2360	
2139	
2066	
2379	
2126	
2252	
1983	
1766	
2028	
2030	
2413	
1883	
2238	
2350	
2367	
2332	
2016	
2525	
2029	
2438	
2056	
1989	
2028	
2241	
2106	
