15	20
Processing times: 
53	80	63	64	114	134	58	62	182	24	51	136	110	177	125
48	93	78	113	11	152	110	96	182	107	171	188	63	52	144
107	40	36	48	86	39	29	98	187	162	108	144	89	53	77
140	46	140	79	11	99	105	191	32	112	48	28	84	24	71
174	114	78	23	47	126	144	33	158	172	161	13	185	167	13
39	29	162	8	149	37	196	141	24	175	29	31	24	11	42
8	22	134	17	71	92	62	78	43	54	57	94	134	156	10
179	182	175	168	126	120	131	119	108	146	126	95	181	130	181
129	91	77	158	54	28	144	106	75	11	120	82	78	197	143
158	127	49	51	111	152	110	84	71	147	84	70	159	99	185
169	132	65	68	180	7	67	65	49	14	138	49	198	133	153
72	10	81	92	27	63	106	96	88	12	160	22	154	131	184
120	101	5	16	21	163	143	179	11	134	53	156	25	84	168
173	4	193	179	109	183	61	160	164	185	190	198	84	151	12
55	67	164	194	169	73	188	191	88	99	119	181	13	124	77
176	87	133	6	142	167	85	57	60	143	117	164	151	45	178
183	4	21	188	180	82	138	22	124	109	57	8	105	150	29
44	104	77	8	5	22	64	167	96	27	141	6	113	54	26
145	36	156	71	37	147	85	59	146	31	126	138	154	142	96
192	146	167	50	180	171	94	165	27	37	80	194	134	53	14
Routes of jobs: 
4	10	11	5	2	13	3	12	1	9	6	15	8	7	14
14	12	3	2	7	1	11	5	4	15	8	9	13	6	10
5	7	9	15	6	12	8	11	4	2	10	13	3	1	14
11	12	15	10	3	5	7	14	4	8	13	9	6	2	1
9	15	6	5	12	10	8	14	2	4	1	3	11	13	7
2	3	7	11	15	4	10	8	6	9	5	14	1	12	13
12	2	5	6	8	10	4	14	11	1	15	3	13	9	7
10	12	4	1	13	9	8	5	14	6	2	11	3	7	15
4	10	8	3	6	15	14	7	12	11	1	5	2	13	9
15	14	13	9	7	11	10	6	5	3	1	2	4	8	12
2	5	12	8	13	14	15	9	1	10	4	3	6	11	7
5	15	4	9	14	7	6	2	1	12	10	11	13	8	3
1	15	8	9	12	6	3	10	14	2	11	5	4	7	13
9	5	8	10	15	3	13	11	14	1	6	2	12	4	7
15	3	11	13	7	12	2	1	9	14	6	8	4	10	5
14	15	10	2	9	5	3	7	6	1	11	12	13	8	4
2	10	3	11	1	9	6	8	14	12	4	5	7	15	13
3	8	9	12	1	10	2	7	4	5	13	11	6	15	14
1	13	12	2	14	10	4	7	8	5	15	9	11	3	6
15	3	12	14	1	11	5	2	6	7	13	4	9	8	10
Due dates: 
1147	
1287	
1043	
968	
1287	
878	
826	
1734	
1195	
1326	
1190	
1039	
1104	
1637	
1442	
1369	
1120	
764	
1256	
1364	
