20	20
Processing times: 
36	69	125	21	76	86	34	142	39	117	64	154	114	20	51	62	156	21	63	87
173	198	154	120	169	162	4	114	151	28	85	135	135	155	179	3	93	16	13	114
51	108	155	28	92	35	199	172	25	56	7	179	177	4	176	156	112	66	118	59
10	176	26	195	105	13	114	147	124	108	176	165	9	67	164	197	129	118	102	137
187	101	61	48	17	40	116	137	24	97	67	110	103	166	167	47	93	79	194	124
7	161	36	183	188	190	168	124	141	105	75	35	35	199	25	11	108	187	33	123
5	157	199	10	68	158	158	129	154	49	6	128	196	134	83	115	198	183	66	198
43	157	101	115	186	110	163	99	190	135	139	36	95	87	147	73	164	183	186	176
131	170	194	104	128	86	186	54	149	83	153	124	111	33	160	145	45	43	120	61
41	74	117	172	54	184	79	131	108	8	156	96	96	33	29	163	15	184	120	154
195	96	53	132	118	140	96	78	33	102	118	116	200	6	72	79	189	13	113	100
79	79	71	129	126	50	164	176	121	125	110	147	96	117	140	2	77	123	170	165
134	158	145	183	172	59	111	8	184	32	150	59	139	199	15	48	37	91	84	25
104	73	66	60	87	8	67	132	51	200	146	135	164	169	49	167	184	128	68	168
26	110	71	105	51	173	42	192	181	22	198	53	44	70	73	67	81	11	38	196
151	114	18	66	43	114	197	131	118	25	184	41	71	78	27	135	3	71	191	153
101	175	113	49	149	163	103	38	93	156	186	36	129	139	163	121	180	5	83	172
187	74	89	3	171	75	114	112	115	106	164	111	195	126	82	6	61	190	160	1
108	170	175	188	57	18	74	175	46	6	180	175	164	107	57	14	85	36	119	51
125	113	33	4	96	52	48	134	67	171	91	189	50	62	113	179	138	10	5	102
Routes of jobs: 
15	14	2	9	20	10	19	13	8	6	12	11	4	16	18	7	1	5	3	17
8	9	4	1	5	2	11	20	7	16	19	6	15	12	18	13	3	17	14	10
7	4	19	3	2	14	17	10	1	20	8	18	13	5	12	9	6	15	16	11
5	14	16	6	4	11	2	1	10	3	17	13	18	7	15	9	19	12	8	20
5	10	9	1	19	15	4	8	11	14	17	7	6	13	2	18	20	12	16	3
4	14	7	12	18	10	1	15	2	13	6	20	3	11	5	8	17	9	16	19
1	3	14	5	19	20	15	18	10	12	6	7	17	9	11	2	4	8	16	13
15	4	16	12	3	10	1	7	8	19	17	11	9	13	2	18	20	14	6	5
5	2	4	3	17	7	18	19	1	13	11	6	9	8	16	20	12	15	14	10
11	20	16	2	14	17	15	1	19	9	3	12	5	10	18	6	13	7	4	8
18	10	15	4	1	14	9	8	17	16	11	20	12	5	3	6	19	2	7	13
5	20	16	4	13	19	11	6	1	2	14	18	9	8	17	12	7	15	10	3
20	13	12	16	14	17	2	18	11	5	9	8	19	15	7	1	4	6	10	3
5	10	19	11	17	8	2	3	6	1	14	7	12	20	15	18	4	13	16	9
9	4	3	13	1	12	8	20	19	16	6	18	5	2	11	10	15	7	14	17
16	18	20	9	14	1	11	4	8	12	6	5	7	15	17	2	3	13	10	19
13	3	9	8	18	12	7	20	16	5	4	1	17	10	19	2	15	14	6	11
12	17	10	20	14	13	11	6	9	15	3	5	2	4	1	8	19	16	18	7
13	12	6	2	3	19	18	4	8	9	1	20	17	11	14	10	16	7	15	5
1	18	13	6	8	10	14	5	17	9	12	3	15	11	7	20	4	19	2	16
Due dates: 
1384	
1981	
1778	
2054	
1781	
1921	
2155	
2327	
2052	
1813	
1845	
2041	
1830	
2004	
1624	
1738	
2119	
1928	
1805	
1604	
