20	40
Processing times: 
122	51	174	193	113	65	151	43	185	57	110	98	2	141	170	80	47	56	130	89
98	170	32	161	84	196	54	153	157	173	53	13	73	75	47	130	148	24	105	180
183	132	129	81	28	119	59	92	104	57	120	48	9	33	49	144	195	11	34	55
113	181	94	184	175	193	172	44	22	115	40	189	119	137	193	81	184	60	95	114
49	187	97	77	141	55	197	103	134	83	155	188	36	178	107	141	192	120	45	30
187	115	200	193	103	199	47	187	80	3	25	10	56	96	78	184	106	149	165	120
133	118	147	55	177	130	148	41	44	46	60	139	72	165	13	148	13	110	18	198
141	63	115	69	200	34	96	109	7	107	184	190	51	80	103	131	168	120	181	7
1	67	98	123	74	163	47	87	97	75	130	11	200	79	69	94	88	91	78	13
30	88	174	33	72	150	183	180	147	58	54	114	7	172	18	120	74	19	84	64
174	124	134	165	199	75	28	42	192	196	164	110	126	174	31	136	24	84	54	199
189	108	117	62	66	119	47	180	164	194	104	181	12	160	148	153	79	163	28	174
24	115	4	181	127	83	168	131	20	102	29	114	153	75	121	47	105	44	12	23
71	157	25	112	172	166	172	11	83	142	78	7	125	33	45	155	15	25	23	70
129	51	134	6	143	127	71	166	157	150	186	74	32	103	168	102	190	161	58	89
20	78	166	79	6	49	43	25	57	2	125	187	170	28	140	14	46	75	46	34
179	5	51	142	158	24	7	68	62	77	57	88	97	174	143	151	120	45	7	120
198	125	183	37	177	136	158	66	63	105	182	62	63	82	2	32	103	189	32	115
81	36	124	103	164	36	128	45	141	108	1	9	185	154	21	91	179	107	179	85
46	64	75	192	133	46	117	19	85	125	200	3	77	23	113	157	125	38	51	134
75	170	73	67	192	191	84	139	170	138	64	159	198	3	149	161	71	152	65	67
52	129	101	54	54	139	46	73	198	148	54	62	23	107	27	194	43	6	60	172
194	57	68	164	60	143	175	172	34	110	102	150	25	54	41	175	144	121	158	10
135	156	142	62	179	6	78	70	106	5	180	65	132	158	33	151	179	113	167	81
91	138	171	13	169	174	148	192	47	129	83	23	35	65	65	63	99	36	135	172
132	109	122	91	42	2	125	154	40	134	52	31	3	18	148	46	52	38	132	1
142	200	119	137	19	190	3	58	98	23	120	33	163	180	115	56	159	106	165	200
134	27	166	112	69	8	3	121	193	192	43	120	138	118	93	88	139	20	79	84
16	88	56	126	26	36	17	96	94	55	88	152	91	17	142	60	42	146	72	97
3	18	108	70	66	173	23	77	105	87	63	171	49	164	144	53	49	154	38	70
30	114	110	180	61	1	30	118	148	74	93	53	56	183	82	155	75	41	46	145
59	127	157	29	149	40	75	161	38	78	27	42	93	110	98	24	111	23	108	173
92	62	193	161	75	137	6	148	19	113	5	182	117	48	48	116	13	171	21	187
142	91	127	181	121	53	99	196	101	129	122	157	21	55	23	22	62	34	46	115
152	176	146	118	192	132	141	175	165	96	157	53	66	198	114	27	57	142	111	38
133	173	67	62	193	4	181	110	124	32	194	70	26	24	72	108	67	45	75	129
92	107	55	43	23	69	164	14	131	187	150	152	158	156	23	65	60	8	17	150
48	95	193	146	56	181	79	75	37	38	85	122	59	35	163	131	127	112	58	72
70	97	189	159	149	79	126	126	52	134	89	121	93	144	147	15	8	193	45	110
108	189	139	114	175	132	42	127	190	85	142	181	68	56	62	44	32	35	75	155
Routes of jobs: 
12	8	2	13	9	6	10	15	17	14	4	7	18	16	11	20	19	1	5	3
13	18	11	19	12	9	5	15	1	2	4	7	17	3	20	16	14	10	8	6
12	4	16	5	14	19	10	9	15	8	1	17	20	2	6	18	11	3	13	7
12	13	18	7	17	6	9	8	10	19	5	16	2	11	15	4	20	14	1	3
9	3	19	16	17	2	20	10	14	6	12	1	8	13	18	15	4	7	11	5
15	12	14	18	7	11	5	8	19	16	4	9	17	13	10	6	1	3	2	20
20	3	12	18	7	10	8	11	9	13	2	6	19	5	14	4	17	1	16	15
6	4	16	19	18	10	11	8	12	7	5	2	20	17	3	15	14	1	13	9
14	19	15	9	18	16	17	12	13	2	7	1	4	11	20	6	10	3	5	8
3	11	20	18	8	2	16	12	7	17	9	6	14	19	10	4	13	5	1	15
12	16	5	20	1	18	17	6	15	2	11	4	13	10	19	9	7	3	14	8
18	7	4	9	13	12	1	19	6	2	16	17	14	8	15	3	11	5	20	10
8	7	15	4	9	10	2	3	5	11	12	13	17	6	14	1	16	20	19	18
8	11	7	9	19	3	5	20	17	10	1	13	6	2	15	18	14	12	4	16
7	15	18	14	19	11	5	8	13	12	3	17	16	10	4	20	2	9	6	1
6	18	1	2	14	8	15	4	10	11	16	5	17	3	19	12	13	20	9	7
1	18	9	20	14	16	12	19	17	10	7	4	2	15	13	5	11	8	3	6
16	1	8	4	14	17	12	2	3	18	10	9	7	6	20	15	13	19	5	11
20	2	18	13	9	12	15	6	5	7	10	19	14	3	4	11	16	1	17	8
7	12	3	8	1	11	6	13	4	14	5	18	17	2	10	15	20	9	16	19
6	7	12	10	15	3	11	20	1	5	8	17	16	14	9	19	4	2	13	18
12	5	11	10	15	7	18	4	17	1	20	13	16	19	6	8	9	14	2	3
16	7	13	1	4	3	14	2	11	8	10	19	6	5	15	18	17	20	9	12
12	6	18	10	14	4	15	5	9	20	1	13	8	7	17	2	16	19	11	3
3	12	1	18	13	6	7	5	4	2	20	11	10	17	16	8	19	14	9	15
2	12	1	13	15	11	17	6	9	10	14	16	8	20	7	3	18	19	5	4
4	18	7	16	12	17	2	1	14	8	5	10	3	19	9	13	15	11	6	20
4	1	12	18	8	14	17	2	7	15	6	10	9	11	19	3	5	16	20	13
11	3	1	20	6	7	18	8	19	2	13	16	17	12	4	10	15	9	5	14
19	4	11	13	20	17	6	9	18	2	16	7	3	12	1	8	15	14	5	10
2	9	17	14	19	12	3	16	11	20	18	7	6	5	15	10	1	4	8	13
17	11	6	8	1	10	18	3	12	2	14	20	15	19	16	7	4	5	13	9
3	17	6	1	7	12	11	15	5	14	18	16	2	10	9	20	13	8	19	4
18	16	13	4	11	3	12	2	8	1	9	14	7	6	10	17	5	20	19	15
11	4	10	17	3	15	18	1	5	14	6	13	20	7	9	8	2	12	16	19
13	16	2	11	18	9	4	12	8	5	6	1	17	7	20	14	3	15	19	10
8	20	18	5	9	15	3	6	13	1	17	10	16	19	14	7	12	11	4	2
8	19	14	13	5	9	16	10	6	20	15	7	4	12	2	1	18	11	17	3
10	12	16	9	8	18	3	2	14	13	5	11	17	15	6	1	19	20	4	7
9	19	16	15	17	2	7	12	18	4	14	8	1	6	10	5	11	20	3	13
Due dates: 
2701	
2764	
2187	
3257	
3010	
2994	
2568	
2803	
2191	
2394	
3161	
3183	
2182	
2194	
2987	
1807	
2308	
2743	
2571	
2370	
3105	
2265	
2805	
2858	
2663	
1914	
2972	
2532	
1973	
2191	
2334	
2239	
2489	
2467	
3193	
2456	
2372	
2486	
2790	
2797	
