15	30
Processing times: 
59	165	169	195	191	173	17	71	89	49	140	123	196	170	95
69	132	50	140	78	108	138	9	185	26	189	13	16	51	75
163	110	107	111	149	137	38	22	147	98	56	7	165	36	159
131	139	103	149	128	23	13	167	88	77	103	66	63	125	44
173	35	179	158	91	188	25	59	187	46	140	39	71	143	168
84	137	100	8	177	112	91	35	22	84	170	130	183	178	67
80	35	101	73	75	179	141	138	12	78	136	135	105	34	148
113	185	44	172	92	92	46	74	193	126	98	50	176	93	82
12	56	42	153	152	47	163	145	146	151	13	162	115	165	154
130	199	131	46	92	22	21	109	144	161	18	28	100	162	176
69	19	175	30	51	174	38	52	176	180	166	175	58	171	196
91	8	94	32	32	187	28	181	18	62	191	108	112	23	35
13	56	187	135	196	169	165	170	21	4	189	65	170	21	187
157	154	152	165	132	178	182	107	37	1	106	197	33	186	4
154	172	21	1	187	159	48	173	58	157	132	148	190	175	54
186	20	152	187	162	85	1	32	52	176	29	12	99	107	117
55	38	144	97	135	76	57	140	112	28	162	107	97	123	118
109	155	134	72	37	104	23	52	10	195	108	91	24	33	50
47	173	26	180	104	30	154	33	199	90	67	92	81	142	178
11	117	88	77	10	98	14	35	189	58	121	13	26	8	52
93	121	186	103	62	90	182	15	109	39	58	185	48	95	130
135	193	163	77	115	77	9	132	144	90	105	92	169	42	48
169	140	113	172	43	33	80	94	163	14	96	25	101	99	105
84	180	81	195	100	12	15	155	71	15	180	117	41	107	123
102	34	186	147	20	115	21	24	139	119	166	120	119	53	12
99	165	11	191	22	150	26	125	193	136	52	89	115	118	79
117	5	128	76	101	178	33	158	188	165	45	190	76	17	133
96	188	60	84	53	195	4	32	147	187	85	41	82	187	164
156	107	98	152	196	147	105	193	61	57	163	104	177	36	4
143	136	100	168	96	43	5	3	197	198	4	134	172	39	23
Routes of jobs: 
10	13	2	6	15	14	1	3	7	9	4	8	12	5	11
6	2	5	15	1	9	11	7	3	4	10	8	14	12	13
3	9	2	1	13	8	10	6	12	11	4	7	14	15	5
15	3	6	10	7	4	12	1	13	2	14	5	8	9	11
1	2	6	15	11	4	10	13	9	14	3	7	12	8	5
3	6	13	11	1	9	14	7	10	15	4	2	12	8	5
4	3	1	8	6	15	11	13	7	12	2	9	5	14	10
8	15	13	4	1	12	14	3	7	10	9	2	5	6	11
7	6	11	5	4	12	8	1	13	14	9	15	10	3	2
3	15	7	2	6	13	5	1	8	4	9	10	14	12	11
5	2	11	13	14	1	4	7	15	9	10	12	3	8	6
2	6	10	5	11	7	14	9	4	3	8	13	12	15	1
6	1	13	11	10	7	5	12	15	8	2	4	14	3	9
13	14	1	8	15	9	5	7	12	4	2	3	10	11	6
3	7	11	13	6	15	4	9	5	14	10	2	8	12	1
2	1	6	5	14	8	11	10	7	4	9	15	3	13	12
15	5	14	8	10	13	2	7	1	11	4	3	6	9	12
8	2	3	7	10	14	1	6	15	13	11	9	4	12	5
11	6	13	8	1	2	15	7	5	9	4	3	14	12	10
15	7	2	6	11	12	14	13	9	4	1	5	10	3	8
4	11	10	9	13	1	14	7	15	3	2	5	6	12	8
14	15	3	6	2	12	10	9	13	4	1	7	11	5	8
14	5	2	13	11	4	6	1	15	10	12	9	7	8	3
1	8	3	13	4	10	7	11	12	6	5	14	2	9	15
7	4	10	6	3	11	12	9	13	15	8	2	14	1	5
9	10	8	13	1	11	5	7	12	6	2	14	3	4	15
8	13	5	2	1	10	6	15	3	12	11	4	7	9	14
5	3	14	15	8	4	12	9	10	11	6	7	2	1	13
1	15	10	4	5	6	13	9	3	12	8	14	2	11	7
4	2	10	8	13	9	6	1	3	11	7	5	15	14	12
Due dates: 
1807	
1216	
1430	
1349	
1617	
1500	
1397	
1555	
1593	
1463	
1644	
1142	
1661	
1702	
1738	
1347	
1415	
1138	
1517	
872	
1441	
1512	
1375	
1403	
1309	
1493	
1530	
1525	
1669	
1388	
