20	20
Processing times: 
197	174	111	105	124	39	24	186	60	92	179	122	132	193	76	182	175	186	16	172
105	54	123	22	107	21	94	116	98	11	130	93	164	29	42	150	182	91	105	16
7	16	73	114	2	156	66	26	180	194	183	166	59	143	74	169	137	76	149	97
174	49	79	151	141	184	105	173	3	192	67	92	14	20	77	65	138	120	179	64
116	164	188	20	127	186	70	188	89	77	185	140	21	136	72	138	81	176	159	49
85	86	3	188	158	34	120	175	85	48	70	200	68	122	72	170	32	75	22	113
93	65	13	73	34	21	190	17	79	169	42	82	184	161	170	130	163	25	20	64
164	118	33	193	117	184	200	80	121	26	200	129	164	50	25	55	151	177	19	36
153	156	69	3	78	110	92	38	116	30	65	2	17	170	130	1	161	45	136	91
9	58	167	168	67	152	76	193	101	16	22	164	169	13	66	26	75	166	125	93
20	31	171	13	159	175	2	153	70	25	147	6	98	132	88	51	127	14	181	172
17	97	147	124	62	78	3	94	99	187	50	185	188	180	48	151	54	86	131	189
111	121	76	133	153	161	62	163	25	159	34	38	129	36	69	190	52	61	57	60
21	163	43	3	90	38	70	155	84	67	35	75	144	132	53	46	145	140	75	121
160	48	3	13	163	28	181	22	1	180	33	72	148	19	177	54	182	163	98	74
146	15	132	42	169	49	192	72	199	90	131	50	70	108	75	79	168	60	7	64
73	149	124	153	54	25	90	100	135	175	35	139	98	162	95	145	44	13	50	26
147	54	38	36	142	158	125	121	157	38	191	146	57	20	94	48	66	200	165	127
133	4	41	51	22	79	56	107	17	101	3	74	56	196	112	141	62	129	28	84
117	155	69	100	21	92	59	4	52	2	83	152	192	142	83	186	159	66	186	62
Routes of jobs: 
13	14	2	4	17	12	8	3	9	5	20	15	18	16	10	7	19	11	1	6
13	18	11	10	8	12	6	16	4	2	3	1	5	14	9	19	7	20	17	15
12	9	11	6	7	13	14	20	17	18	19	10	5	15	3	16	4	8	2	1
7	16	9	13	14	18	17	12	19	3	15	5	4	10	2	1	6	11	20	8
19	16	15	2	20	13	18	4	10	3	7	9	8	14	6	11	1	12	17	5
12	13	15	14	5	17	20	3	10	9	18	19	2	1	11	8	16	6	7	4
17	5	3	20	18	19	12	14	9	8	13	4	2	15	7	1	16	10	11	6
11	16	7	14	4	1	2	9	10	5	13	18	3	19	15	12	20	8	6	17
6	7	2	14	8	4	3	13	18	16	20	19	9	5	15	11	1	10	17	12
9	14	20	15	19	6	5	17	8	10	4	2	11	3	1	13	16	7	12	18
16	10	5	14	3	12	13	9	6	20	19	7	18	4	1	17	11	15	2	8
14	15	20	2	12	4	6	5	16	11	13	3	17	8	10	1	9	18	7	19
14	20	6	3	4	11	13	8	5	9	15	16	12	10	7	17	19	1	2	18
3	2	16	8	19	9	7	10	15	20	11	13	17	5	18	4	1	6	12	14
7	18	5	16	11	2	9	1	13	17	3	14	20	8	10	6	12	19	4	15
17	3	10	1	18	19	16	5	8	15	13	11	6	20	7	12	9	4	14	2
10	5	16	20	9	4	1	13	15	11	2	17	3	8	19	7	14	6	12	18
6	8	16	17	13	20	15	5	7	9	18	19	4	1	2	3	12	14	10	11
3	17	16	20	5	13	18	8	15	4	2	7	10	12	19	14	1	6	11	9
13	9	10	8	6	18	20	1	15	16	19	3	11	5	4	17	2	14	7	12
Due dates: 
2291	
1578	
1879	
1879	
2144	
1734	
1616	
2018	
1497	
1734	
1652	
1953	
1701	
1530	
1638	
1727	
1697	
1917	
1347	
1784	
