15	20
Processing times: 
44	182	143	181	136	53	36	41	98	95	169	199	158	149	19
94	74	75	172	85	194	185	191	142	62	162	86	94	40	129
106	134	70	33	128	114	179	85	180	131	54	106	28	106	48
16	127	89	171	129	182	68	183	34	31	101	34	84	108	169
51	176	152	173	4	30	192	39	14	118	197	39	90	194	60
18	111	178	159	145	84	193	49	22	43	160	51	193	20	86
62	1	41	182	56	168	143	42	86	145	70	160	194	160	107
122	186	18	200	100	95	83	55	192	59	80	16	87	76	154
74	153	193	35	128	125	149	197	141	99	77	91	199	121	45
11	57	96	158	1	61	180	196	107	6	93	140	135	76	7
3	146	178	189	164	123	90	107	41	25	136	94	116	196	128
90	52	48	154	61	42	177	47	128	141	94	65	146	82	49
146	170	116	192	192	159	33	29	45	145	169	5	56	102	121
189	173	33	24	23	73	46	129	158	22	200	122	103	130	119
155	196	149	10	199	2	163	126	76	69	161	102	79	70	33
36	52	120	88	81	1	3	11	88	7	136	165	39	21	132
180	77	94	21	134	147	167	187	53	39	28	139	50	50	57
185	102	127	110	198	66	183	101	25	15	108	57	32	43	43
33	80	103	138	141	4	127	191	180	107	19	34	61	193	145
41	168	174	1	130	124	28	82	127	139	152	146	30	12	70
Routes of jobs: 
9	14	7	11	5	8	15	12	4	10	1	3	2	13	6
6	4	2	5	1	12	8	7	10	13	11	14	9	3	15
3	4	6	7	10	11	5	13	12	9	15	1	2	14	8
12	11	14	6	5	3	13	7	9	4	8	15	1	2	10
11	2	12	7	13	6	5	1	3	4	14	8	15	10	9
6	9	14	12	5	15	4	8	7	10	3	11	1	2	13
8	6	11	9	3	5	13	15	12	4	7	14	10	1	2
11	14	12	9	5	7	2	8	1	13	10	15	4	6	3
1	10	15	12	2	13	4	14	5	3	6	9	11	7	8
5	1	4	13	8	9	14	10	2	11	3	7	15	12	6
7	4	1	15	6	3	13	2	12	14	8	11	9	10	5
14	5	2	10	12	11	3	9	13	1	8	4	15	7	6
1	8	12	11	4	13	14	15	3	9	7	2	5	6	10
14	3	11	8	13	2	6	15	7	10	9	5	4	12	1
4	5	3	14	9	1	6	13	12	7	11	8	10	15	2
12	1	2	13	6	5	8	7	14	10	4	15	3	11	9
12	14	6	11	13	1	4	8	15	10	9	3	7	5	2
8	10	3	11	13	6	5	14	2	12	15	7	1	9	4
6	15	11	9	14	12	13	5	1	10	4	7	3	2	8
2	14	5	15	8	7	9	1	11	10	6	13	12	4	3
Due dates: 
1363	
1428	
1202	
1221	
1224	
1210	
1294	
1219	
1462	
1060	
1389	
1101	
1344	
1236	
1272	
784	
1139	
1116	
1245	
1140	
