20	40
Processing times: 
91	197	11	116	45	72	105	56	59	168	167	156	56	160	111	50	198	143	45	21
38	174	175	72	34	153	194	66	39	143	166	42	151	80	91	24	38	112	97	9
78	90	124	134	46	131	137	175	143	35	26	72	23	86	172	43	117	46	186	94
12	121	44	154	134	111	106	47	16	123	54	157	33	17	140	23	192	84	45	59
136	153	61	76	94	35	169	2	26	108	78	21	46	193	97	61	130	10	155	71
46	107	151	46	46	98	70	48	74	68	173	46	145	57	14	50	51	20	4	139
88	140	45	175	160	45	72	101	108	154	188	74	117	176	104	74	139	165	90	59
8	8	198	197	162	131	195	61	97	48	189	61	71	76	155	111	4	123	128	177
104	71	65	125	111	62	59	111	53	28	43	188	44	127	199	167	116	84	22	160
73	38	178	195	83	47	181	94	51	60	91	92	58	161	107	123	20	122	25	48
65	64	101	148	157	114	47	136	6	159	152	99	163	99	31	2	23	24	48	195
53	152	99	2	1	107	139	123	136	62	160	27	32	156	148	85	158	106	22	178
107	173	13	146	73	143	89	58	133	6	53	171	197	145	113	127	167	65	170	25
28	124	191	21	84	184	149	186	128	194	115	145	194	53	16	111	28	30	5	188
157	175	20	56	147	113	61	71	4	90	181	134	135	76	158	5	28	192	49	96
1	85	41	57	53	26	48	54	178	135	126	125	67	72	117	139	184	17	165	196
30	117	122	80	53	126	112	108	125	110	182	173	127	79	191	200	26	190	47	5
149	170	168	67	24	63	152	166	81	153	20	169	104	25	106	144	114	200	20	132
61	53	40	160	167	63	112	25	78	41	187	117	20	132	88	196	185	140	193	16
142	99	110	168	28	121	50	134	9	124	64	35	97	145	9	34	92	95	184	80
132	106	172	155	155	93	66	95	80	129	103	142	147	98	180	96	142	180	155	111
99	49	190	155	90	36	5	91	29	36	4	157	13	42	77	123	7	120	109	27
5	153	65	43	121	191	188	145	160	131	108	136	85	199	111	91	180	54	10	57
86	102	42	102	59	53	40	28	172	43	150	40	188	113	181	50	58	116	141	146
124	48	150	180	102	12	68	128	81	93	5	5	136	2	134	49	2	36	155	58
143	77	109	82	161	184	90	73	60	175	2	5	66	14	103	158	131	34	64	192
156	26	171	103	126	81	28	135	134	130	39	25	50	108	44	149	88	194	116	1
163	168	106	108	111	169	121	134	29	16	73	103	11	116	120	66	33	116	8	68
14	47	6	176	149	34	48	157	55	36	32	77	156	199	60	168	60	13	90	193
20	37	48	77	2	165	30	20	122	118	174	65	107	196	67	112	67	180	179	133
34	133	174	34	71	31	153	52	2	40	3	121	157	4	93	11	37	34	54	68
15	27	155	57	124	33	25	135	101	82	1	187	2	29	179	35	57	36	133	95
181	73	37	21	155	199	135	11	48	183	174	177	8	56	105	124	198	28	75	58
68	198	148	176	160	125	136	46	59	99	149	156	12	37	131	155	62	102	199	174
47	33	174	99	60	177	8	94	80	26	154	134	181	115	78	104	164	2	20	174
142	53	91	77	162	46	128	44	138	102	54	190	175	191	191	46	36	149	190	48
94	52	60	158	135	5	191	156	60	164	74	136	113	137	83	6	102	86	58	88
144	200	23	167	73	74	69	185	134	66	198	11	83	25	110	150	160	18	181	180
65	119	36	104	69	95	171	130	47	28	59	112	82	42	69	189	97	60	187	129
121	123	61	172	87	144	95	134	69	181	156	185	20	151	14	74	155	32	176	104
Routes of jobs: 
20	7	9	2	3	13	19	16	12	11	5	14	15	10	8	17	18	1	6	4
4	7	20	2	19	14	12	18	17	10	11	3	1	15	9	8	5	6	16	13
1	6	9	5	20	2	3	10	7	12	19	4	17	18	13	14	16	8	15	11
18	5	3	16	14	8	20	11	4	1	2	12	6	10	13	15	7	9	17	19
12	16	18	13	9	19	20	3	17	6	8	14	5	10	1	7	15	2	11	4
14	12	20	18	7	15	9	3	17	8	6	19	16	2	5	4	1	11	10	13
20	6	1	12	8	9	14	7	2	16	4	18	19	5	10	17	13	11	3	15
20	17	3	5	2	10	15	1	14	4	6	7	9	13	11	8	18	19	16	12
20	1	5	12	19	9	8	2	16	13	18	7	10	14	15	4	3	6	11	17
7	19	2	9	18	14	15	16	11	3	4	12	6	8	10	20	17	1	13	5
12	4	20	18	5	2	9	13	14	3	16	1	10	11	19	17	7	15	6	8
10	6	19	4	12	9	1	20	3	8	18	16	15	2	7	11	17	14	13	5
11	4	1	18	2	6	10	15	19	5	13	12	7	8	17	3	16	20	9	14
12	16	5	20	15	2	18	11	8	19	7	3	1	14	17	10	9	4	13	6
19	13	5	14	20	2	3	4	7	9	15	18	17	8	16	11	6	10	12	1
5	10	8	2	18	15	11	1	4	13	19	17	12	14	3	6	20	16	9	7
16	11	5	13	6	15	2	1	19	14	7	4	12	17	10	9	18	20	8	3
11	9	19	4	1	7	12	5	17	3	10	14	18	2	8	6	13	16	20	15
9	16	20	19	2	17	14	12	18	6	15	11	8	1	13	7	10	3	5	4
14	4	19	2	11	6	13	16	10	7	15	5	18	1	8	3	20	12	9	17
16	5	17	6	11	10	14	9	15	20	4	2	8	3	7	1	12	18	19	13
7	20	11	9	10	3	14	16	8	19	13	1	2	4	12	15	17	6	5	18
16	6	9	17	2	18	10	20	3	1	5	12	13	4	7	14	15	11	19	8
14	3	8	9	2	5	17	15	18	11	6	4	16	1	7	19	10	20	13	12
15	19	2	7	8	11	17	20	4	9	12	3	14	1	10	6	5	18	13	16
10	12	7	20	15	5	9	16	19	8	4	6	2	1	13	14	17	18	3	11
16	1	10	9	12	19	3	8	17	13	2	15	14	7	20	5	4	6	11	18
9	17	18	3	14	13	8	12	2	7	20	1	16	5	10	11	6	19	4	15
4	14	8	2	17	13	6	7	16	9	3	12	19	11	18	5	10	1	15	20
20	13	6	7	1	5	3	2	17	11	14	8	16	12	19	9	4	10	18	15
8	16	9	3	13	10	5	11	19	1	6	2	7	4	12	14	15	17	20	18
18	12	15	9	11	10	6	20	16	19	13	5	4	17	2	14	3	7	1	8
20	1	18	6	9	5	8	19	10	17	4	15	11	7	14	12	2	16	13	3
19	14	18	12	4	13	3	8	1	9	11	6	7	20	10	17	5	16	2	15
20	5	16	10	15	8	4	19	9	11	1	2	13	18	12	3	17	7	14	6
19	6	9	12	5	18	15	7	3	14	8	2	13	20	16	1	17	4	10	11
2	18	7	17	8	1	11	16	12	6	10	4	13	9	19	3	15	14	5	20
19	16	5	2	7	11	15	14	10	3	17	8	9	1	6	13	20	4	12	18
8	5	12	18	2	3	9	10	17	13	1	7	16	6	20	15	11	4	14	19
12	5	2	4	8	3	18	13	1	20	14	17	15	6	10	16	7	11	9	19
Due dates: 
2636	
2468	
2546	
2174	
2239	
1889	
2957	
2860	
2521	
2402	
2383	
2530	
2827	
2827	
2533	
2452	
2864	
2896	
2697	
2366	
3299	
1897	
2903	
2483	
2039	
2500	
2476	
2391	
2301	
2495	
1698	
1961	
2660	
3110	
2502	
2929	
2546	
2927	
2457	
2931	
