15	30
Processing times: 
190	34	114	129	153	42	71	116	93	52	95	103	133	137	9
38	101	39	145	35	114	118	188	97	39	60	190	22	156	25
35	151	199	162	93	77	110	154	140	10	92	189	153	91	141
152	164	178	172	130	167	120	66	110	79	72	60	168	35	142
173	116	155	85	91	65	132	126	172	32	35	76	161	142	147
51	110	52	180	190	12	42	186	161	177	195	44	115	99	200
6	128	43	12	7	38	115	86	63	167	91	119	102	136	130
35	36	40	18	13	51	28	139	140	30	75	143	15	123	53
45	39	165	171	23	83	1	27	147	160	70	79	47	58	177
175	58	198	104	95	106	115	70	4	102	109	81	117	60	65
2	196	74	10	164	91	10	38	42	162	162	52	113	177	35
70	10	103	188	154	193	176	87	97	161	48	49	2	28	184
103	27	54	105	33	135	24	63	5	82	3	97	55	136	157
96	51	41	19	9	22	129	56	167	95	139	73	187	35	49
64	112	31	45	116	21	169	83	49	132	66	107	187	118	52
126	143	17	46	20	104	193	94	95	108	5	8	126	190	90
115	57	192	83	194	22	78	78	105	155	33	22	38	121	50
165	54	192	114	103	3	40	13	23	125	125	44	89	61	1
165	169	199	135	126	181	67	65	34	145	128	104	124	114	189
54	135	87	91	87	37	29	82	178	45	69	156	98	91	165
142	18	66	96	159	21	200	139	179	84	112	109	57	178	173
100	35	121	79	59	12	180	141	136	30	189	200	133	113	4
23	175	143	96	110	142	31	77	150	30	79	176	151	116	177
68	58	112	52	2	109	138	94	165	139	2	88	25	49	196
27	127	111	53	170	25	30	92	29	35	57	194	72	15	85
92	25	138	119	89	136	26	81	196	180	173	129	73	58	54
22	18	180	3	133	99	115	52	180	40	159	3	106	44	145
82	52	170	140	150	158	39	160	167	86	21	155	60	111	73
80	2	105	134	69	81	69	114	13	65	182	119	119	5	91
200	70	7	139	129	65	183	163	104	168	166	90	105	66	52
Routes of jobs: 
13	2	15	7	12	11	1	14	10	3	6	4	8	5	9
3	2	7	10	5	15	14	1	13	4	9	8	6	11	12
13	3	2	4	10	7	6	1	11	8	15	9	12	14	5
4	9	15	5	8	6	2	7	1	3	12	11	10	14	13
4	11	7	6	12	13	1	2	8	14	3	5	9	10	15
12	7	9	2	6	10	8	14	15	11	13	3	1	5	4
6	8	11	12	7	1	15	3	10	2	5	4	9	13	14
9	12	5	8	3	13	4	6	7	2	14	1	10	11	15
13	8	2	6	1	7	11	3	9	4	12	15	5	14	10
14	11	3	7	8	9	4	5	15	2	12	1	10	13	6
14	10	9	15	7	11	6	5	2	13	12	3	8	1	4
2	1	12	5	8	4	15	3	13	6	9	14	10	11	7
5	3	9	12	6	14	10	7	2	8	4	13	15	11	1
13	15	9	5	1	4	7	10	2	14	11	3	6	8	12
6	13	1	3	7	9	2	10	8	15	14	11	4	5	12
11	9	15	10	12	5	1	14	2	13	3	8	6	4	7
6	3	12	15	5	13	9	10	14	11	8	2	1	4	7
8	13	14	3	6	11	4	2	1	10	12	7	15	9	5
2	13	4	8	9	1	12	7	11	15	10	3	14	5	6
2	14	12	15	9	11	13	8	1	3	5	6	10	7	4
14	5	2	12	7	3	11	8	15	10	1	6	4	9	13
3	10	7	13	14	11	2	1	5	4	8	9	6	12	15
4	7	5	10	9	13	3	6	11	15	14	8	2	1	12
8	11	14	9	5	6	4	1	7	2	10	3	15	13	12
4	9	2	1	14	10	11	6	13	8	3	12	5	7	15
1	12	8	11	4	14	15	2	5	7	10	6	13	9	3
1	2	3	7	12	8	10	5	4	6	9	13	14	15	11
5	1	2	9	12	11	7	13	15	14	8	4	6	3	10
3	13	5	15	10	14	1	8	7	2	9	11	4	6	12
3	5	6	8	4	2	15	11	9	12	1	14	10	13	7
Due dates: 
1398	
1299	
1708	
1725	
1623	
1724	
1181	
893	
1228	
1387	
1262	
1473	
1026	
1110	
1285	
1297	
1276	
1095	
1848	
1334	
1647	
1456	
1593	
1233	
1066	
1491	
1235	
1543	
1186	
1622	
