20	50
Processing times: 
28	101	195	17	151	122	190	83	25	54	147	68	41	118	83	34	174	179	64	78
147	107	56	198	33	156	17	36	26	45	173	73	199	64	112	109	62	143	177	157
177	165	18	117	126	168	16	75	99	116	85	111	127	110	156	190	132	156	157	33
184	125	2	95	87	154	61	137	118	6	198	179	173	1	119	90	141	157	95	174
193	151	175	119	186	125	119	186	76	48	20	83	113	101	123	30	4	153	95	152
146	104	83	129	163	62	110	141	109	121	121	6	43	144	191	4	104	165	87	30
51	121	130	143	24	38	58	26	50	41	39	100	173	130	188	102	193	130	87	65
112	23	130	149	72	121	190	162	23	198	156	165	36	130	200	100	123	181	145	90
39	60	52	56	57	89	62	44	85	1	45	143	172	67	54	171	161	18	91	23
182	187	6	60	96	145	4	55	69	100	12	104	144	87	139	183	31	92	192	118
106	99	79	122	85	99	23	39	142	99	100	38	149	99	140	81	37	9	2	110
119	96	158	173	13	125	56	107	69	2	147	117	170	155	156	197	45	111	49	36
60	88	110	149	94	75	163	190	76	163	106	108	137	5	1	187	57	18	54	130
25	11	116	166	150	174	147	168	91	136	56	85	74	10	20	103	3	157	155	110
103	195	178	90	130	59	129	126	166	191	66	84	58	41	117	90	13	138	40	102
169	137	120	163	150	181	192	196	69	176	26	8	183	190	56	189	99	96	113	94
93	133	43	45	172	139	35	46	178	173	174	103	27	33	162	95	74	40	26	153
38	10	24	175	173	83	13	137	68	133	156	131	156	144	131	11	34	30	20	56
42	117	72	173	165	70	181	83	19	190	178	39	18	19	50	188	17	32	60	47
140	175	134	79	5	96	155	154	21	121	14	195	129	169	164	192	123	89	171	184
28	55	185	175	45	120	94	121	100	91	61	113	59	162	150	53	117	76	25	147
144	177	35	40	149	25	30	68	6	179	119	172	196	76	78	125	89	194	184	145
88	186	81	146	14	12	151	160	195	158	49	70	62	92	152	89	61	15	27	36
91	98	165	88	14	95	189	52	55	12	118	46	66	83	129	7	119	134	105	143
198	70	179	109	154	129	120	185	59	51	119	66	22	47	99	40	196	123	31	158
141	46	162	84	77	150	144	104	14	100	31	74	198	198	82	33	175	67	103	51
196	109	116	200	14	114	115	196	21	192	198	9	48	129	49	70	134	72	67	4
12	170	175	8	178	27	86	74	5	1	52	19	35	120	102	144	176	52	58	71
53	71	198	30	112	145	124	156	149	111	137	108	91	123	37	25	167	32	48	38
136	4	92	59	108	136	84	37	57	1	163	23	157	88	179	68	159	49	35	163
47	178	142	200	88	72	106	59	174	102	110	163	93	110	147	63	192	51	139	24
97	119	60	145	155	184	188	107	152	7	165	42	16	153	186	59	64	161	40	47
92	98	48	175	91	152	177	76	135	107	119	127	88	62	4	139	70	194	91	57
175	35	53	193	183	96	120	91	63	159	115	143	175	68	61	107	83	180	8	46
87	27	92	36	153	18	197	61	129	109	107	57	169	15	155	67	21	129	154	110
47	198	137	198	53	45	14	8	150	185	81	172	184	102	171	19	30	189	163	65
87	12	26	163	144	165	3	87	57	71	9	67	145	193	193	74	176	145	199	158
137	169	154	154	145	187	95	21	51	51	24	98	167	17	121	123	32	148	4	90
22	2	115	97	124	138	146	84	168	61	125	124	115	106	64	5	85	28	155	159
44	59	37	66	129	50	17	192	2	146	10	116	148	159	149	104	157	123	6	89
157	197	86	72	29	37	96	145	10	39	148	7	96	9	129	164	72	94	188	188
51	85	143	103	152	187	190	83	113	119	49	143	4	45	150	90	55	43	51	22
93	68	30	81	146	121	4	181	116	182	12	135	177	144	190	128	179	182	154	11
174	44	97	50	168	189	79	138	74	117	82	164	124	110	115	108	122	58	191	188
169	3	106	187	172	115	198	143	101	141	77	141	170	44	45	83	84	110	16	172
120	122	19	120	11	71	163	124	185	192	138	136	160	132	148	22	26	173	189	40
26	99	8	189	45	74	115	68	34	111	164	84	149	195	191	143	197	20	41	83
185	132	39	106	58	149	128	36	103	160	87	70	22	175	7	83	66	62	115	124
33	7	4	188	184	183	175	76	152	114	73	51	188	94	56	33	6	122	179	21
7	74	117	93	162	79	83	80	81	63	186	103	98	71	75	17	79	122	95	110
Routes of jobs: 
19	16	18	14	20	4	7	2	17	15	1	8	10	5	13	9	3	6	11	12
6	4	14	9	19	20	12	11	7	10	17	2	18	1	13	5	16	3	15	8
13	12	17	18	5	2	14	6	3	4	15	1	8	16	10	11	7	9	20	19
19	7	4	16	6	20	13	15	1	14	9	18	8	5	2	3	12	17	11	10
10	4	8	2	18	17	19	1	9	3	6	14	11	13	20	7	15	12	5	16
19	10	7	6	2	15	9	16	13	20	17	12	1	5	4	14	18	11	3	8
10	18	14	5	6	4	2	11	1	9	16	15	12	7	17	13	3	19	20	8
3	4	8	2	18	14	6	13	7	11	19	12	15	16	17	1	5	20	9	10
7	17	9	12	14	20	13	18	11	19	1	4	5	2	6	16	3	10	8	15
8	17	1	5	14	20	9	18	2	11	10	16	15	4	3	19	6	13	7	12
1	7	18	6	5	13	2	4	15	14	20	11	16	17	19	8	9	12	10	3
17	16	19	15	8	20	9	4	3	18	11	1	6	10	2	5	13	14	7	12
2	17	20	18	15	7	5	14	3	6	12	16	10	8	1	4	13	11	9	19
9	3	7	17	20	10	16	2	4	5	15	1	11	12	14	6	19	18	13	8
19	13	8	14	1	4	15	10	2	11	17	3	18	20	9	5	16	7	6	12
17	19	14	6	10	11	18	13	9	7	5	1	3	2	16	4	8	20	15	12
3	4	12	13	17	15	5	10	16	9	1	6	11	20	19	14	8	2	18	7
13	5	9	19	2	4	12	20	10	15	16	6	8	3	17	14	7	11	1	18
11	9	6	7	5	19	12	3	8	18	16	15	20	17	14	13	4	10	1	2
15	20	11	2	3	14	18	19	6	17	8	7	12	9	1	13	4	10	5	16
7	10	12	18	15	20	8	14	11	4	13	17	3	6	19	9	16	2	5	1
9	16	5	4	6	17	20	13	18	8	14	19	15	7	2	10	3	1	12	11
14	8	2	17	13	18	12	20	6	1	10	15	11	19	5	4	9	3	16	7
17	18	10	20	2	7	4	1	16	8	6	19	15	12	3	5	14	9	13	11
2	7	14	20	18	9	11	12	19	3	10	13	6	4	15	5	16	8	17	1
10	16	3	5	1	8	7	12	11	13	19	20	18	15	17	14	2	9	6	4
5	4	14	19	16	13	8	17	15	9	3	12	20	11	7	18	2	10	6	1
7	10	9	3	11	18	6	2	14	1	16	8	13	17	4	12	15	19	20	5
16	2	11	5	1	20	4	19	6	3	10	8	18	7	15	17	12	14	9	13
18	15	10	12	6	8	5	13	20	7	2	4	19	16	1	3	9	14	11	17
2	18	8	11	15	13	14	9	10	3	19	1	5	6	12	17	16	4	7	20
9	17	15	20	19	6	1	8	7	5	4	2	11	13	14	12	10	18	3	16
8	4	16	14	9	6	7	3	20	19	12	18	15	1	13	17	5	10	2	11
18	15	11	16	12	20	3	10	5	9	19	17	4	1	8	14	13	7	2	6
6	10	13	20	1	11	2	3	8	16	5	7	18	4	12	15	19	14	9	17
13	9	2	18	17	12	4	20	6	15	5	8	1	3	10	14	7	11	19	16
14	17	7	13	2	1	16	9	10	19	15	12	11	5	6	20	4	8	3	18
6	9	4	13	8	3	20	12	7	14	18	1	11	19	2	16	10	5	15	17
1	11	6	5	19	4	15	7	3	2	9	17	20	14	8	10	16	18	12	13
5	9	18	1	12	17	16	15	19	8	11	13	4	6	14	3	20	2	10	7
2	17	8	7	3	10	20	14	15	5	16	9	6	19	11	4	12	13	18	1
17	3	13	12	14	7	9	18	15	10	6	11	2	4	8	16	19	1	5	20
17	8	4	1	16	3	9	6	13	12	15	18	7	2	5	19	11	14	10	20
11	18	8	16	14	20	19	2	3	12	5	9	4	1	10	6	15	17	13	7
2	18	17	13	11	7	16	20	15	14	6	9	4	5	10	19	8	3	1	12
15	5	12	3	13	2	11	19	1	17	14	8	20	10	9	6	4	7	16	18
3	5	13	7	20	12	16	6	4	17	1	8	15	18	2	19	10	11	9	14
12	7	20	17	16	8	1	14	3	9	18	15	19	6	10	4	13	2	11	5
5	19	17	8	16	20	12	6	15	18	2	7	11	10	13	1	4	9	14	3
4	2	13	3	8	17	9	14	7	18	5	12	20	11	16	1	15	6	10	19
Due dates: 
2928	
3135	
3501	
3444	
3378	
3095	
2834	
3759	
2235	
3009	
2487	
3152	
2957	
2936	
3174	
3911	
2916	
2585	
2640	
3765	
2966	
3347	
2766	
2714	
3233	
3051	
3080	
2348	
2933	
2697	
3390	
3221	
3153	
3231	
2840	
3317	
3261	
2982	
2885	
2705	
2945	
2817	
3501	
3588	
3416	
3437	
3054	
2861	
2909	
2693	
