20	50
Processing times: 
153	80	45	154	92	101	175	14	126	123	75	185	130	163	186	89	25	76	176	177
187	198	145	25	86	143	70	177	121	147	46	37	52	60	94	25	84	78	142	96
48	12	30	166	84	88	17	135	90	144	109	57	142	59	135	76	37	148	35	198
94	54	128	107	86	19	18	77	33	159	149	167	96	192	81	40	12	31	168	168
192	26	122	20	130	152	17	34	175	50	64	170	143	122	116	55	52	173	83	55
113	23	185	123	187	143	151	76	150	167	75	171	131	75	163	45	179	53	9	102
131	158	85	142	180	129	53	3	139	115	135	127	147	192	36	179	10	78	42	39
74	47	104	127	86	42	29	124	175	176	49	143	191	160	27	32	151	194	197	80
145	6	66	91	100	195	72	55	110	166	5	55	164	155	99	128	110	198	125	41
146	10	2	172	195	15	11	89	126	115	116	184	197	155	134	50	100	124	86	52
126	86	15	45	115	148	175	168	196	172	117	118	159	117	169	63	175	153	156	143
147	61	127	142	39	80	162	77	79	21	149	187	157	42	191	183	174	162	1	172
121	2	131	106	177	133	186	138	1	123	160	36	80	114	176	180	151	160	180	117
187	179	41	148	139	154	195	132	166	195	20	146	14	117	43	150	98	138	108	58
133	13	179	30	200	168	93	106	141	157	159	94	75	133	1	15	43	158	126	64
144	157	137	96	127	108	40	177	84	1	160	150	154	53	180	173	129	123	170	29
145	179	148	16	156	91	135	120	57	51	88	52	37	168	41	137	127	45	162	64
123	117	99	173	61	169	40	37	142	114	125	180	105	136	76	89	64	93	55	64
169	26	63	57	83	38	182	84	68	104	57	187	22	164	37	44	87	91	27	29
80	48	69	38	72	25	106	184	9	95	165	83	55	58	110	186	11	28	101	71
155	61	9	72	152	34	38	50	180	59	138	19	166	195	25	177	124	97	71	147
64	49	95	19	193	118	89	199	187	169	88	89	78	71	162	8	53	2	171	64
13	187	35	39	136	196	75	123	66	121	100	10	33	23	58	2	46	182	68	135
108	153	93	110	163	42	32	150	197	40	184	128	165	14	3	147	195	125	163	47
166	13	46	142	9	128	88	7	95	6	97	86	25	71	101	23	183	56	14	5
94	108	25	133	92	24	76	178	4	21	74	88	165	128	179	133	7	57	196	178
49	17	186	185	110	100	48	56	188	139	184	183	75	175	147	79	107	114	113	165
97	77	128	143	194	128	71	149	26	123	41	77	92	195	179	132	116	180	26	157
179	77	15	27	97	31	171	45	180	115	117	160	61	122	31	172	38	103	35	139
11	91	122	180	84	83	2	13	169	135	159	114	91	182	17	170	60	70	134	38
120	4	182	16	179	153	197	179	81	30	100	41	135	17	41	139	171	43	63	89
195	133	136	183	34	197	48	187	23	165	72	48	103	63	67	13	106	131	112	17
86	49	3	135	138	106	145	77	88	191	29	32	120	148	134	3	197	95	23	153
12	130	198	157	9	63	10	155	83	96	155	85	167	58	121	28	106	110	158	25
134	34	143	61	79	75	178	195	130	84	104	150	50	185	185	65	198	141	132	169
48	2	199	7	135	102	114	27	126	64	169	34	192	143	40	76	30	23	14	119
90	69	53	71	162	77	33	9	54	79	5	200	27	62	167	118	71	175	160	33
92	158	19	25	17	145	74	115	66	53	120	92	80	152	154	165	97	103	103	133
12	56	143	90	199	88	127	69	72	104	189	84	86	67	142	170	195	123	167	91
31	184	78	9	106	184	55	112	19	193	63	46	132	195	112	60	155	196	73	118
39	35	55	192	175	122	138	61	123	198	59	18	174	118	194	133	29	43	15	68
82	101	4	100	19	85	66	99	4	81	4	77	167	94	43	171	35	90	38	21
16	67	85	176	32	46	92	71	157	76	158	106	70	37	64	139	157	35	185	33
162	42	102	108	102	143	17	79	63	145	74	156	64	149	166	20	167	38	9	59
94	29	52	34	177	158	24	49	156	174	17	112	193	178	136	96	13	198	72	49
80	64	57	123	3	196	107	150	112	166	78	153	79	177	89	12	104	2	146	62
101	124	122	143	191	69	72	102	38	141	74	121	86	125	75	196	37	18	92	68
124	117	189	65	49	112	142	29	6	169	64	47	193	17	83	37	186	41	97	64
43	44	119	102	187	130	178	115	159	164	49	31	116	142	53	9	145	26	30	72
23	57	128	93	167	181	177	145	192	132	21	11	161	148	82	111	141	76	147	17
Routes of jobs: 
14	7	2	16	3	20	4	8	13	11	15	18	10	9	1	5	12	19	6	17
19	1	9	18	10	13	17	8	4	16	6	15	5	11	2	12	3	7	14	20
5	2	15	4	13	16	11	14	3	7	10	9	12	18	20	1	8	17	6	19
5	4	16	1	13	11	20	19	12	15	10	17	9	14	8	3	2	18	6	7
12	17	19	20	1	13	15	9	7	8	3	5	2	18	4	10	14	11	6	16
1	18	3	12	8	15	7	5	4	9	13	2	17	20	16	14	6	10	11	19
6	10	12	4	17	8	2	3	18	14	19	15	13	20	9	1	7	11	5	16
15	5	6	4	17	18	11	19	13	12	10	2	16	9	20	14	8	1	3	7
15	3	2	7	8	18	16	1	5	12	9	6	4	13	14	17	11	19	20	10
15	7	3	12	16	6	2	4	1	9	20	19	13	5	17	8	18	10	14	11
5	17	11	15	4	12	7	13	9	8	6	14	10	18	16	19	1	20	3	2
19	4	17	15	1	11	9	3	5	13	16	7	18	6	20	12	10	14	8	2
15	9	8	5	6	10	20	11	13	1	3	12	7	16	14	4	19	18	17	2
1	9	6	10	19	7	15	13	11	8	12	20	17	5	3	4	14	18	2	16
16	19	17	1	15	8	6	11	9	7	12	13	14	5	18	3	10	4	2	20
12	10	1	3	6	9	19	8	15	2	16	14	11	13	5	7	17	4	18	20
20	17	11	1	15	14	18	2	7	16	3	8	19	10	4	12	6	13	5	9
10	3	6	1	12	5	9	7	14	20	8	17	13	19	15	16	18	11	2	4
13	19	3	14	20	4	5	6	11	16	12	2	10	18	8	17	9	15	7	1
19	15	4	9	10	5	16	18	17	7	2	20	6	8	1	3	11	12	13	14
14	8	7	3	2	11	16	20	12	18	6	17	15	10	19	5	13	4	1	9
13	12	14	8	1	6	3	4	19	2	18	20	7	17	15	9	10	11	5	16
1	11	10	5	19	9	15	17	2	14	16	18	4	8	7	12	3	13	6	20
16	9	18	12	7	20	17	10	1	3	14	8	15	19	11	13	5	2	6	4
1	20	4	12	3	16	2	7	5	17	10	13	9	18	15	14	11	6	8	19
9	2	18	8	15	16	5	6	4	14	10	3	1	13	20	7	19	12	11	17
4	20	16	6	2	18	12	13	17	5	11	10	15	14	19	7	8	9	1	3
18	10	12	1	15	19	16	17	5	4	11	3	14	20	2	7	6	13	9	8
10	18	3	2	14	11	8	9	7	6	12	13	5	1	19	16	15	20	17	4
3	20	17	1	16	9	7	10	5	12	14	15	4	19	8	6	11	18	13	2
4	15	2	14	16	6	8	10	18	12	20	5	13	7	3	17	19	9	1	11
3	15	7	4	14	12	8	19	17	16	9	13	18	11	1	5	10	6	20	2
6	17	13	12	11	19	8	16	18	3	15	2	14	10	1	7	5	4	20	9
18	12	14	8	4	19	1	16	10	7	13	15	6	3	9	17	20	11	5	2
20	15	9	17	8	7	1	2	18	6	4	5	19	3	16	10	13	11	12	14
19	16	14	5	17	15	3	6	7	13	9	1	2	11	12	8	10	4	20	18
15	3	10	13	14	20	5	12	9	8	6	18	16	19	11	1	4	2	17	7
19	7	15	13	4	18	10	20	6	9	5	2	17	1	11	8	16	12	3	14
9	20	6	10	7	14	2	5	18	16	1	4	17	13	11	19	3	8	15	12
7	5	1	4	3	11	9	13	8	14	12	18	17	16	2	19	20	10	6	15
11	10	19	18	6	4	8	12	3	2	16	1	13	5	20	17	14	15	9	7
13	8	6	18	19	2	4	1	9	15	16	20	17	5	3	12	14	7	10	11
9	16	14	8	1	5	4	19	12	7	6	10	2	3	18	11	17	15	13	20
17	15	2	1	11	10	3	6	4	9	20	16	18	13	8	14	5	12	19	7
1	15	10	14	16	9	19	4	20	5	6	18	7	8	11	17	3	13	12	2
17	18	2	14	12	15	19	6	10	5	11	4	8	1	9	3	7	13	20	16
3	11	1	5	15	20	4	17	7	18	9	16	12	13	10	6	8	19	2	14
6	13	2	8	15	11	12	3	14	20	18	7	9	1	19	16	10	17	5	4
20	7	1	12	3	4	19	18	13	16	15	10	14	17	6	2	11	9	8	5
19	14	2	9	5	13	16	7	3	11	1	6	20	4	12	8	15	18	10	17
Due dates: 
3518	
3020	
2715	
2819	
2927	
3482	
3180	
3312	
3129	
3119	
3924	
3530	
3708	
3642	
3132	
3588	
3029	
3093	
2429	
2391	
2954	
2952	
2472	
3389	
2042	
2940	
3630	
3497	
2873	
2888	
2970	
3050	
2928	
2889	
3738	
2496	
2573	
2945	
3411	
3182	
2984	
2072	
2703	
2798	
3017	
2940	
2993	
2747	
2871	
3315	
