20	50
Processing times: 
48	46	175	109	138	66	197	167	97	172	180	11	93	26	39	92	39	199	182	147
40	166	6	28	197	100	103	46	185	126	4	101	136	8	110	152	51	119	52	147
70	46	112	154	87	198	9	109	86	46	118	52	120	123	32	133	27	21	19	28
8	104	167	124	138	156	127	136	127	149	158	53	123	30	93	116	90	191	67	99
190	46	170	18	110	137	129	42	149	144	180	124	178	80	124	15	128	196	5	53
169	129	58	13	63	84	105	187	67	59	73	177	34	35	70	137	68	116	77	121
119	173	168	44	194	19	15	6	164	72	101	114	91	111	94	57	57	156	1	112
171	77	74	151	115	30	2	187	62	126	183	29	35	184	181	17	65	166	177	91
96	184	86	20	162	170	46	44	99	111	126	49	12	142	190	196	147	168	122	10
188	107	50	15	152	61	70	147	74	170	131	57	114	152	156	66	75	97	60	19
29	179	146	95	30	77	199	109	131	111	71	157	144	12	163	146	49	16	92	59
2	114	3	142	140	47	98	198	32	157	97	142	49	22	49	100	4	174	41	92
45	79	66	151	37	114	47	136	55	51	39	90	187	13	139	100	160	47	75	90
15	154	112	89	181	102	97	24	23	153	176	95	136	142	144	159	100	20	139	176
111	196	2	40	130	86	118	103	94	15	146	119	53	118	55	26	183	119	5	188
97	127	3	29	115	138	127	124	39	197	34	80	111	77	40	7	96	116	61	159
55	135	131	31	66	22	160	49	105	21	38	14	9	159	86	12	134	12	123	99
28	163	40	33	75	15	195	128	174	100	166	93	18	89	58	44	174	41	95	91
119	98	34	115	141	74	130	162	52	88	21	104	5	135	96	196	113	52	185	88
73	101	140	178	8	57	63	179	149	180	104	103	171	106	112	115	92	149	170	137
125	82	151	10	162	144	9	193	165	98	134	198	129	34	139	89	108	87	86	51
107	84	70	31	163	104	54	19	85	194	157	124	193	140	187	162	23	59	26	182
86	25	109	95	85	179	76	68	104	25	24	113	37	155	113	134	190	67	192	172
28	4	91	104	37	198	53	165	72	8	93	161	148	181	109	49	110	76	130	7
36	139	66	88	41	148	162	69	189	57	157	43	198	149	192	57	95	95	11	158
8	149	168	159	65	194	48	4	197	91	122	123	27	76	147	120	20	24	133	182
29	46	164	152	4	129	148	46	98	84	133	137	192	166	14	173	44	144	99	85
64	62	3	109	133	33	19	46	89	27	108	49	137	138	27	65	1	182	35	51
165	31	16	28	81	112	17	168	139	80	141	46	26	173	173	189	193	107	177	77
19	33	161	9	112	185	134	77	190	109	149	60	82	89	193	182	73	103	153	18
34	112	154	66	147	165	177	192	160	180	177	51	82	169	6	195	149	54	10	156
17	18	165	135	183	93	87	104	121	88	87	50	1	192	65	80	6	79	8	153
197	79	164	16	65	32	76	191	101	23	200	96	151	24	96	106	2	132	106	132
75	149	40	29	115	169	139	27	54	84	30	8	8	95	113	88	154	55	158	32
133	142	115	154	178	99	173	53	77	186	144	116	113	154	22	127	28	61	90	52
130	95	38	87	96	16	79	150	36	40	5	114	109	78	14	103	54	86	154	137
30	128	192	12	48	117	96	99	30	24	96	69	49	134	124	54	16	171	127	17
139	196	135	134	98	37	12	109	88	118	48	192	84	142	147	17	107	194	122	68
106	154	111	148	128	153	88	45	191	164	116	1	31	95	51	46	123	16	187	189
101	113	38	119	184	148	148	43	20	178	83	92	35	165	38	131	144	179	30	89
164	55	176	82	61	183	14	27	66	91	22	158	165	182	86	197	139	157	119	114
33	65	109	84	164	141	132	164	97	85	125	104	22	171	115	77	69	181	121	98
44	99	20	171	174	87	33	18	153	153	113	149	103	103	138	67	56	92	137	105
69	145	4	11	54	150	31	168	142	86	19	111	89	53	96	179	148	195	23	161
95	75	65	83	169	170	195	193	144	53	102	27	122	199	198	184	6	9	124	17
175	137	74	3	94	2	175	134	46	120	184	123	118	76	195	37	38	92	146	43
105	68	195	131	9	61	170	186	152	166	69	46	164	46	84	133	19	199	175	59
127	163	152	149	12	11	89	97	87	120	135	123	161	58	139	82	1	93	185	167
154	124	198	49	100	145	17	103	130	170	130	122	137	33	109	26	120	33	140	126
57	133	124	188	53	24	81	93	89	12	110	111	72	163	155	151	121	98	95	164
Routes of jobs: 
13	18	14	1	10	3	15	17	12	5	7	9	16	2	19	11	4	20	8	6
1	8	19	10	13	20	16	4	12	14	15	3	7	2	17	11	18	6	5	9
8	6	16	19	3	11	7	2	18	5	15	9	10	1	12	17	13	4	20	14
8	15	13	3	11	12	20	1	18	5	10	6	14	17	4	9	19	2	16	7
8	17	3	19	14	12	6	16	11	20	1	2	9	7	13	10	15	18	4	5
10	18	17	14	1	15	2	13	11	19	12	5	4	3	16	6	9	20	8	7
17	2	8	6	13	12	15	18	10	20	19	14	3	4	7	5	1	16	11	9
10	12	16	9	1	15	14	13	6	5	7	4	17	20	2	18	3	11	19	8
9	19	12	8	11	18	4	7	15	5	2	1	6	17	20	14	10	13	3	16
13	17	16	10	7	3	11	12	6	1	9	2	14	5	19	18	20	4	8	15
1	2	8	5	19	11	10	16	6	20	3	18	17	14	13	4	15	7	12	9
18	14	12	9	15	11	6	5	13	19	10	3	8	20	1	4	2	17	7	16
18	9	8	10	2	5	16	15	1	11	17	20	6	14	3	12	13	7	19	4
19	6	5	8	14	9	17	12	4	15	16	11	10	3	13	7	20	18	2	1
17	13	3	16	2	10	19	8	4	6	5	7	1	9	14	12	20	18	15	11
1	10	2	9	12	6	14	3	18	5	7	19	8	16	13	15	17	11	20	4
19	6	2	20	9	12	14	10	15	18	8	7	5	13	4	17	16	11	3	1
13	12	8	18	9	5	16	6	10	15	11	14	17	20	4	1	7	2	19	3
19	10	14	2	16	1	9	11	7	5	18	15	3	4	13	6	12	20	8	17
7	3	5	1	16	4	2	18	20	19	17	9	10	12	8	14	6	13	15	11
9	6	3	10	5	11	2	14	1	4	15	12	16	7	17	13	8	18	20	19
1	9	3	13	20	12	2	5	7	16	11	14	6	17	10	8	15	19	18	4
4	18	20	19	13	1	10	7	16	3	5	8	6	11	9	2	14	15	12	17
20	11	17	4	14	1	16	19	2	5	3	6	7	10	12	13	15	9	8	18
6	2	18	20	9	10	8	17	13	4	1	5	11	7	3	14	15	19	12	16
6	2	9	10	13	5	18	7	3	17	19	1	16	20	8	14	15	12	4	11
12	10	8	14	2	19	15	3	20	17	11	16	5	6	4	7	18	1	9	13
10	20	2	15	13	8	12	17	1	7	3	16	11	5	6	4	18	14	19	9
18	3	8	6	4	20	12	9	2	1	10	11	15	14	5	19	16	13	17	7
4	7	14	3	10	2	5	9	6	15	17	1	20	12	11	13	18	19	8	16
15	7	8	4	1	14	20	16	6	5	19	9	11	12	10	18	17	2	3	13
2	9	4	3	16	1	5	10	15	6	20	18	19	7	13	11	8	12	14	17
11	1	18	12	17	13	16	2	3	15	7	8	19	6	4	5	14	10	9	20
17	4	9	10	14	16	2	18	15	3	6	8	12	11	13	7	1	5	19	20
15	10	5	18	3	6	16	14	11	13	20	4	8	9	19	12	1	2	17	7
8	10	4	18	12	3	16	14	5	1	6	19	11	15	13	17	7	9	2	20
2	18	13	3	8	12	16	5	19	4	15	17	6	20	11	7	14	1	10	9
11	2	7	5	13	17	1	6	19	4	8	20	15	10	14	12	3	18	9	16
10	11	2	4	12	3	16	5	17	19	18	6	1	20	8	15	7	13	9	14
13	9	10	2	3	4	17	11	16	15	12	6	1	18	14	7	20	8	5	19
10	20	9	19	15	1	16	17	12	13	14	7	5	2	18	4	11	8	6	3
16	6	20	12	3	13	18	2	5	10	15	11	9	7	8	19	1	17	14	4
5	6	20	19	18	7	14	4	12	3	17	16	8	9	11	15	10	2	1	13
14	3	5	11	17	15	18	4	19	13	6	10	12	20	16	2	9	1	8	7
16	8	14	18	19	9	17	1	12	11	13	5	4	3	20	7	10	6	15	2
3	12	4	10	5	6	14	18	8	13	19	16	11	1	15	7	17	9	20	2
18	17	3	5	16	19	13	20	14	7	10	15	11	12	6	2	1	4	8	9
11	7	20	15	18	14	4	6	17	19	3	1	13	16	9	8	5	12	10	2
20	4	6	16	1	9	5	13	14	19	2	18	12	15	7	3	10	8	11	17
19	18	11	17	5	16	12	2	8	20	7	9	1	14	13	6	4	3	10	15
Due dates: 
3335	
2816	
2385	
3384	
3327	
2763	
2802	
3185	
3270	
2942	
3023	
2555	
2582	
3356	
2861	
2666	
2192	
2730	
3012	
3581	
3291	
3246	
3074	
2736	
3225	
3086	
3131	
2067	
3209	
3197	
3654	
2598	
2984	
2433	
3326	
2432	
2450	
3281	
3215	
3117	
3387	
3236	
3023	
2901	
3345	
3018	
3356	
3227	
3249	
3141	
