20	20
Processing times: 
102	40	112	166	135	37	174	55	71	2	105	59	28	41	161	154	94	89	178	60
27	17	101	154	174	12	42	37	12	87	57	123	34	86	66	103	108	149	159	54
95	152	141	184	124	122	90	58	102	17	98	75	137	91	183	75	167	141	104	192
134	21	51	63	146	42	11	56	10	50	189	197	59	196	180	189	30	15	115	151
4	168	69	95	116	23	180	76	57	134	23	99	121	102	92	185	57	63	53	72
86	200	158	69	30	66	193	112	34	159	181	122	97	198	114	35	138	89	163	84
196	157	146	40	60	101	200	96	96	39	37	56	112	26	23	6	127	175	185	177
116	124	27	83	140	54	17	158	49	4	127	96	3	151	104	135	24	125	33	72
89	168	105	6	170	196	21	69	163	14	25	151	168	29	28	86	193	67	157	131
133	34	16	176	181	80	64	100	159	79	123	98	127	144	164	169	98	102	143	32
165	178	190	134	123	109	154	126	160	65	55	61	75	86	86	195	135	50	161	146
123	161	146	131	73	62	45	29	192	158	114	61	170	103	91	37	129	158	113	134
9	19	199	30	165	152	192	196	84	161	117	156	82	80	166	182	140	84	182	97
167	190	50	32	200	19	152	36	32	78	91	56	132	197	174	182	34	39	42	71
100	200	142	176	122	192	128	56	2	149	36	100	15	59	83	141	19	199	120	19
36	159	193	191	155	37	93	115	4	191	18	81	14	47	151	8	131	111	95	8
83	21	3	70	200	47	194	73	193	171	138	30	149	133	158	122	179	94	149	96
199	122	8	21	108	169	81	166	193	121	151	110	130	194	142	200	135	30	142	5
38	175	66	165	101	200	78	95	44	22	21	149	56	41	132	129	4	187	24	35
131	88	154	117	119	189	25	9	121	150	44	133	129	73	27	36	32	140	3	4
Routes of jobs: 
5	7	18	6	10	14	19	15	16	2	17	12	4	9	1	8	3	11	13	20
2	4	16	1	8	7	3	10	14	12	11	9	15	5	13	17	20	19	6	18
6	15	14	10	19	2	13	11	9	3	16	8	4	17	12	5	18	7	20	1
10	8	20	12	13	19	3	5	11	18	15	9	1	7	17	6	16	4	14	2
19	6	12	17	15	7	1	13	14	16	20	10	8	3	18	9	4	5	11	2
18	3	13	11	17	8	6	9	14	7	10	15	1	20	12	5	4	2	16	19
11	20	14	2	16	9	12	6	1	13	5	8	10	15	18	19	7	3	17	4
4	3	8	6	2	14	9	10	16	11	19	15	20	18	17	7	1	13	12	5
1	20	8	9	4	18	11	7	12	13	2	5	10	17	15	19	14	3	16	6
9	18	10	15	1	2	7	14	20	12	5	11	6	19	17	3	13	4	16	8
12	18	14	5	20	3	6	11	2	15	19	8	4	10	1	9	13	17	16	7
11	3	9	14	8	13	4	10	20	16	7	19	6	1	5	17	2	12	18	15
5	8	3	16	17	2	9	20	14	10	7	4	19	11	18	12	15	13	6	1
4	1	19	6	9	17	7	10	11	13	14	3	2	5	18	20	12	15	16	8
10	7	20	16	18	8	17	4	13	19	11	2	14	5	6	9	3	1	15	12
4	19	13	8	2	18	16	5	6	15	7	3	12	1	9	10	11	14	17	20
1	8	10	16	3	9	12	17	18	5	19	13	20	6	11	2	4	14	15	7
8	2	14	20	17	10	11	18	12	4	19	7	9	1	13	3	6	15	16	5
11	20	6	13	15	8	7	2	12	1	9	17	5	18	4	10	16	3	19	14
19	5	4	18	6	8	14	1	9	2	12	11	3	15	17	13	20	10	16	7
Due dates: 
1677	
1442	
2114	
1715	
1611	
2096	
1850	
1478	
1833	
2000	
2209	
2007	
2244	
1777	
1853	
1655	
2073	
2185	
1586	
1552	
