20	30
Processing times: 
169	133	75	68	183	69	29	40	98	200	147	134	76	43	22	3	133	42	159	99
137	97	120	127	7	164	110	176	72	176	184	10	157	16	14	56	170	150	27	120
94	172	39	173	153	7	110	37	21	37	146	158	173	125	115	186	20	121	164	111
196	134	33	139	116	81	9	14	83	187	40	198	8	192	81	101	115	133	115	129
186	14	11	141	94	27	142	69	88	45	92	3	158	61	79	37	85	149	165	121
1	10	147	166	188	30	27	9	125	194	48	87	53	188	182	51	148	72	70	190
13	129	91	121	131	21	31	153	3	126	28	170	42	116	30	71	173	59	103	163
130	62	13	99	133	85	104	93	84	13	129	46	98	98	79	87	17	109	109	53
130	138	123	3	14	100	80	76	86	25	93	193	8	166	155	26	115	23	18	191
2	57	177	110	153	199	4	110	70	182	51	197	112	120	125	122	94	113	177	65
63	28	148	52	62	43	33	164	130	124	72	49	149	26	11	177	63	111	138	113
177	179	120	175	121	42	197	45	192	12	18	145	41	86	20	133	124	179	164	195
71	109	186	120	6	24	160	150	94	49	127	157	5	123	163	143	155	21	48	168
29	148	155	64	33	102	141	28	150	177	54	106	5	117	113	161	145	72	54	131
39	8	158	17	169	25	137	83	46	35	57	187	97	12	48	122	20	146	167	132
179	142	21	101	69	15	78	129	169	170	110	42	93	12	147	154	76	134	66	59
24	20	17	119	105	170	116	54	147	113	54	139	75	113	200	175	78	45	148	150
52	78	97	147	177	97	127	89	23	31	69	58	166	173	160	180	49	189	139	59
52	91	9	35	68	103	198	154	59	114	171	131	95	108	79	13	124	183	97	70
24	91	133	187	191	95	180	199	148	180	99	117	40	137	140	94	155	106	35	83
19	88	167	36	164	34	18	115	49	194	178	42	200	118	17	166	197	51	71	164
57	134	147	186	197	55	36	160	162	168	23	158	16	75	115	24	100	108	74	9
32	117	57	115	56	38	84	99	125	196	187	127	177	143	125	23	139	181	115	125
117	119	144	10	158	118	180	123	137	60	21	150	2	14	102	177	132	114	70	59
96	27	133	174	58	7	75	193	198	39	26	195	116	55	187	165	28	139	50	34
127	117	46	95	111	141	178	151	138	28	199	4	47	198	147	83	104	168	106	140
71	150	199	192	130	197	90	153	4	88	5	50	33	98	39	121	111	190	179	17
54	173	105	179	105	186	146	66	182	51	167	136	166	11	155	84	64	177	164	120
98	95	79	25	23	161	117	53	110	61	42	18	63	18	181	56	173	50	102	9
136	29	147	190	196	28	2	133	170	167	54	110	163	185	33	189	89	169	150	119
Routes of jobs: 
7	11	17	5	1	18	15	2	6	12	13	3	10	9	16	14	19	20	4	8
4	9	1	18	2	20	17	5	7	16	3	19	14	12	15	13	10	11	8	6
3	13	16	12	2	9	7	15	8	20	18	10	4	17	19	6	1	14	5	11
10	13	7	14	16	20	5	18	3	17	11	2	15	19	6	1	9	4	8	12
6	5	3	17	10	16	20	11	13	19	14	12	2	1	4	7	15	9	8	18
3	10	1	17	2	5	13	16	7	18	4	12	11	19	14	15	9	6	8	20
11	16	15	2	12	9	6	7	8	3	10	18	4	19	1	17	20	5	14	13
17	11	16	1	14	20	18	10	5	6	3	2	7	8	13	4	15	9	19	12
18	12	17	14	7	4	10	9	13	1	16	3	2	19	6	20	5	15	11	8
6	9	15	14	5	10	1	13	3	18	4	19	11	7	12	20	8	17	2	16
12	20	17	15	8	13	1	3	2	6	5	7	14	11	16	19	18	9	4	10
11	13	2	17	9	20	5	8	1	16	18	14	6	7	3	4	19	12	15	10
13	1	16	5	11	7	15	3	4	14	20	10	6	9	17	8	12	2	18	19
17	12	15	2	8	19	11	14	7	1	20	10	6	3	4	16	18	9	5	13
12	7	11	5	6	1	8	2	4	15	9	10	3	20	18	13	16	17	19	14
9	10	4	18	13	12	20	1	6	8	15	7	11	17	16	2	3	14	5	19
13	10	3	19	5	7	4	15	14	9	1	16	8	20	18	2	6	12	17	11
8	7	14	9	16	5	6	4	11	1	13	3	20	15	12	19	17	10	2	18
12	15	18	9	6	19	4	7	14	13	17	5	20	8	11	1	2	10	3	16
15	4	16	12	10	6	2	1	18	9	11	3	13	19	14	17	8	7	20	5
9	14	15	4	6	7	18	16	12	3	20	17	5	19	2	1	13	11	8	10
1	6	13	9	14	15	5	12	2	18	19	16	20	10	7	8	4	11	3	17
4	14	18	19	16	3	10	20	9	7	11	1	15	8	6	12	2	5	13	17
14	1	5	7	2	13	8	12	17	18	19	10	11	15	9	20	6	16	3	4
11	8	7	17	6	2	3	16	5	13	4	12	20	14	15	1	10	19	18	9
17	3	11	13	4	7	16	5	6	14	18	8	20	12	10	1	19	9	2	15
12	14	15	11	5	18	4	6	2	1	10	20	16	9	19	17	3	13	7	8
13	5	16	14	12	2	9	6	11	8	1	4	3	7	18	10	17	15	19	20
11	20	19	7	9	3	5	1	2	17	8	12	6	18	16	13	10	4	14	15
4	19	12	20	1	15	7	9	8	5	13	16	10	11	6	3	2	18	17	14
Due dates: 
2115	
2299	
2379	
2315	
1944	
2185	
1952	
1806	
1940	
2464	
1932	
2602	
2287	
2184	
1876	
2163	
2269	
2376	
2150	
2678	
2297	
2205	
2488	
2208	
2195	
2561	
2329	
2741	
1688	
2705	
