15	20
Processing times: 
160	107	28	196	7	98	139	114	133	76	165	99	9	5	34
122	95	189	19	165	183	83	160	51	2	66	25	15	111	105
13	142	15	4	147	11	141	136	10	130	33	61	1	106	62
192	11	141	4	162	35	62	135	172	12	25	139	1	117	193
118	181	124	43	61	53	176	136	125	89	168	121	41	28	193
115	115	122	175	23	152	18	176	110	26	75	29	46	144	5
102	62	134	186	189	41	50	3	177	141	32	156	57	118	43
171	171	72	113	16	152	140	5	195	32	104	154	162	35	160
67	165	12	46	9	135	116	55	54	100	22	47	155	68	99
120	135	169	52	62	105	170	188	4	49	170	128	176	28	70
120	172	93	171	176	38	72	189	65	77	169	51	114	124	122
160	14	61	122	6	5	21	148	194	180	96	73	45	189	75
143	31	127	52	43	194	166	166	100	94	95	139	198	104	100
54	104	61	78	115	4	75	101	119	38	175	199	167	10	114
91	82	118	100	89	55	166	38	41	40	18	115	101	29	124
2	107	99	152	51	13	112	96	150	97	67	57	45	17	184
176	15	92	9	77	4	83	195	156	102	91	65	19	163	93
38	32	80	109	71	100	139	52	163	40	5	28	105	186	186
1	73	106	80	150	5	71	145	138	148	168	60	107	164	178
14	5	115	70	112	76	20	104	167	58	193	30	132	6	19
Routes of jobs: 
1	14	7	12	13	6	3	2	4	11	8	5	15	9	10
15	8	4	3	12	2	13	1	5	10	11	14	9	7	6
12	6	10	5	14	13	7	8	11	1	3	9	15	4	2
14	2	5	1	6	9	4	15	3	12	7	10	13	8	11
6	10	11	13	12	2	4	1	5	15	3	7	14	9	8
6	1	3	15	13	14	12	8	2	7	5	10	4	9	11
7	2	4	13	12	11	3	10	5	14	1	8	9	15	6
14	1	15	10	8	12	9	4	13	6	7	3	5	11	2
14	9	7	5	15	13	11	6	1	2	10	12	4	8	3
2	6	10	9	13	4	12	8	7	11	3	5	1	14	15
3	2	14	7	8	15	6	1	13	12	10	9	5	4	11
4	7	5	14	15	6	10	1	2	12	13	3	8	11	9
10	13	9	6	3	11	5	4	7	2	15	14	8	12	1
6	4	12	9	13	1	10	15	14	5	8	2	3	7	11
11	12	7	9	15	13	8	14	1	3	10	6	2	5	4
12	10	15	4	8	5	11	1	2	7	14	6	3	9	13
2	12	4	10	15	13	8	11	5	7	3	14	9	6	1
9	1	15	12	10	2	13	8	4	14	5	7	3	6	11
12	4	1	5	13	14	6	10	2	7	11	8	3	15	9
2	11	5	3	12	6	10	1	8	14	9	13	7	4	15
Due dates: 
1096	
1113	
810	
1121	
1326	
1065	
1193	
1346	
920	
1301	
1403	
1112	
1402	
1132	
966	
1000	
1072	
1068	
1276	
897	
