15	20
Processing times: 
67	134	46	100	106	192	149	93	185	85	34	47	75	70	44
198	59	60	2	1	54	156	131	112	185	194	87	28	157	126
122	18	20	89	100	198	140	171	198	60	169	190	139	111	17
132	130	41	95	174	63	36	103	157	120	77	190	195	179	127
134	111	98	182	28	89	55	9	81	118	59	18	196	46	108
190	16	142	71	108	90	189	23	41	37	2	29	19	90	98
174	100	129	137	199	11	138	72	14	155	36	161	165	141	53
54	79	82	74	197	77	139	40	112	106	144	188	152	149	5
186	180	67	24	49	7	125	103	93	35	131	66	144	106	152
19	133	80	52	148	13	131	63	17	173	96	59	173	116	19
76	47	78	188	97	18	188	60	3	85	115	41	13	134	38
53	48	98	52	13	61	59	166	29	187	199	101	93	119	164
104	34	52	175	92	157	52	186	14	99	101	70	95	49	192
36	171	116	162	37	122	91	187	86	86	43	169	106	129	75
156	147	77	175	136	166	120	126	168	48	191	173	26	133	66
65	42	66	151	117	73	160	161	23	70	168	75	150	90	168
52	191	131	63	145	184	197	24	189	27	57	87	47	168	149
72	47	109	9	36	85	76	101	184	120	127	129	101	5	180
83	172	25	104	120	145	182	55	48	197	176	175	42	18	54
9	86	81	144	29	183	37	199	79	165	45	25	14	175	191
Routes of jobs: 
9	11	4	3	5	1	13	8	12	14	6	2	10	7	15
15	3	9	8	10	12	5	1	13	14	11	2	6	4	7
3	13	8	9	2	11	7	6	1	10	14	12	5	4	15
6	7	3	12	8	2	4	5	15	14	9	10	1	13	11
7	11	12	5	10	6	15	9	3	4	8	13	1	2	14
1	11	14	13	12	2	4	3	6	8	7	5	9	10	15
4	1	3	9	15	6	14	11	8	12	5	10	2	7	13
12	10	2	1	6	11	13	9	14	5	8	4	7	3	15
12	9	8	3	7	4	15	1	6	14	13	5	11	10	2
6	4	13	7	15	8	2	1	9	14	5	11	3	10	12
4	13	8	10	7	12	2	6	15	14	9	11	5	1	3
13	11	1	15	10	12	6	4	14	8	2	9	7	3	5
9	8	6	3	2	10	5	14	13	11	4	15	1	7	12
4	11	14	10	3	7	5	15	13	9	1	6	12	8	2
8	7	3	14	11	12	9	6	4	1	13	2	5	15	10
11	2	14	3	15	6	4	10	12	1	13	7	5	8	9
12	3	15	8	10	9	1	5	4	6	2	7	11	14	13
1	2	3	14	9	7	11	6	10	15	5	8	13	12	4
7	10	5	2	13	6	11	15	4	3	8	9	1	14	12
10	2	11	6	4	15	14	5	1	7	8	9	12	13	3
Due dates: 
1142	
1240	
1394	
1456	
1066	
916	
1348	
1279	
1175	
1034	
945	
1154	
1178	
1293	
1527	
1264	
1369	
1105	
1277	
1170	
