20	20
Processing times: 
63	199	91	192	48	68	177	90	123	47	172	4	43	183	18	27	127	156	52	37
60	17	188	2	27	183	81	142	55	151	52	48	108	105	2	146	166	125	34	59
120	174	24	59	172	80	46	175	62	6	187	196	20	164	185	182	175	160	101	106
34	55	136	144	43	177	57	187	127	198	6	110	112	42	107	74	146	95	105	141
148	122	179	200	157	88	10	13	86	51	179	186	89	21	165	194	140	127	96	37
173	84	199	99	169	157	35	187	150	100	86	32	86	68	199	32	55	74	23	118
28	83	111	76	124	194	35	145	64	156	46	16	187	14	94	84	181	12	182	182
112	57	9	91	116	195	195	142	4	173	118	15	22	29	155	154	123	199	170	179
36	68	39	141	169	76	89	177	172	34	7	187	62	57	144	41	43	59	95	169
123	75	96	193	200	29	140	1	169	178	63	166	192	168	92	62	6	96	18	35
40	182	143	11	14	26	117	43	136	118	97	9	171	50	67	179	179	189	6	13
51	105	134	20	127	53	138	124	105	82	95	138	56	128	186	112	60	65	132	9
24	182	123	82	9	22	71	22	20	67	80	81	162	24	84	191	200	44	94	99
83	70	9	16	36	104	73	34	41	32	44	138	178	114	55	100	171	188	79	199
127	137	86	103	12	15	80	25	98	32	117	89	112	32	122	17	86	69	196	183
101	65	159	83	12	52	176	124	92	173	191	96	23	61	87	54	37	160	9	165
170	171	105	34	76	140	147	92	20	63	130	199	92	174	88	5	35	161	115	52
174	13	18	60	198	15	190	111	148	11	31	122	78	10	171	34	194	25	125	96
20	175	155	130	78	42	32	131	169	47	78	19	119	69	157	45	196	144	57	148
28	47	136	125	189	80	112	91	197	106	15	117	151	197	158	66	168	196	128	58
Routes of jobs: 
20	4	5	18	12	10	9	14	17	11	8	3	6	16	15	19	13	2	7	1
3	9	11	16	10	4	2	19	5	13	1	14	15	20	7	17	8	6	12	18
10	16	5	6	17	19	15	8	9	11	3	13	7	2	1	14	12	18	4	20
10	14	4	3	2	16	5	9	7	8	19	17	18	11	13	20	6	1	12	15
6	1	17	15	16	14	20	11	2	3	4	12	5	18	8	10	7	19	13	9
17	7	14	20	1	19	10	5	13	12	16	9	4	3	2	6	15	8	11	18
8	18	14	10	9	11	1	12	3	6	2	4	7	15	13	16	17	19	5	20
12	10	2	6	3	4	8	5	18	14	17	13	1	9	15	11	19	16	20	7
14	5	17	9	13	3	6	8	10	12	4	7	1	18	11	15	20	16	2	19
11	1	17	7	19	20	8	12	13	14	10	5	15	4	2	18	9	16	3	6
3	9	2	20	16	18	6	12	8	15	7	17	5	13	10	14	19	11	1	4
15	2	6	8	10	12	1	20	19	16	9	5	7	18	4	11	13	17	14	3
19	3	1	6	7	12	11	20	18	16	15	10	4	8	14	13	17	5	9	2
19	12	3	10	6	20	2	8	7	18	1	17	11	14	15	13	5	4	9	16
2	19	11	16	18	4	17	13	5	1	20	14	15	9	8	3	10	12	6	7
12	8	19	17	16	18	4	2	6	7	1	20	15	10	11	5	9	14	3	13
7	6	15	19	18	12	5	1	17	4	16	20	8	3	2	14	11	13	9	10
18	17	7	4	13	8	10	14	15	11	1	9	20	5	2	6	12	19	16	3
6	13	11	14	12	20	4	17	15	8	1	19	3	9	10	18	2	7	16	5
2	19	5	15	7	9	11	18	8	1	14	17	10	13	6	20	3	12	4	16
Due dates: 
1726	
1576	
2155	
1887	
2060	
1914	
1813	
2033	
1679	
1892	
1611	
1728	
1513	
1588	
1565	
1728	
1863	
1642	
1810	
2129	
