20	30
Processing times: 
25	115	53	75	156	158	58	41	4	194	145	177	106	23	194	38	162	99	152	13
125	139	43	52	128	159	197	100	129	191	71	135	154	87	155	21	15	28	93	89
168	112	71	8	84	91	22	96	26	172	199	181	5	87	179	118	11	108	55	105
169	48	101	50	106	84	132	169	193	59	100	76	86	8	22	20	83	42	101	99
2	161	9	64	95	172	129	155	62	75	11	126	95	44	133	84	150	156	101	161
139	71	27	143	128	63	15	15	125	44	71	185	125	184	176	108	122	99	64	24
177	100	114	104	19	24	124	3	119	87	97	140	118	65	161	154	111	197	58	58
58	193	17	64	154	75	161	150	36	141	30	174	149	92	106	154	37	125	65	96
131	130	174	162	159	167	200	145	109	36	115	149	16	93	105	87	27	103	164	79
23	158	26	148	79	86	192	92	70	145	77	176	180	118	74	72	168	31	121	48
132	38	88	7	159	36	102	162	49	198	70	96	80	68	95	87	84	23	197	55
15	16	53	107	119	166	107	44	138	42	153	76	59	22	70	113	36	129	187	167
103	174	58	23	122	86	145	172	109	118	103	190	117	135	70	92	150	12	88	104
26	164	181	159	7	91	25	47	162	5	179	3	161	73	18	176	191	26	73	52
158	55	42	62	109	165	128	172	86	147	79	34	105	61	74	192	119	78	23	131
125	100	127	51	8	118	197	198	23	41	54	117	87	57	187	136	149	11	191	109
110	10	191	24	17	174	93	81	21	97	124	53	113	187	134	46	110	158	1	82
135	165	25	109	17	50	135	191	97	180	158	173	56	19	72	143	146	143	181	15
22	68	51	104	1	23	132	135	176	41	150	113	122	106	111	84	111	71	32	89
84	144	39	132	130	15	47	196	24	7	112	100	111	166	69	73	55	84	25	143
47	193	36	127	89	171	77	107	159	117	151	84	123	124	16	49	193	3	139	179
97	76	111	132	157	193	134	88	90	119	9	105	103	98	121	182	191	139	74	91
87	59	75	82	115	44	137	141	12	65	88	68	23	124	24	14	154	61	179	46
134	173	177	160	103	168	19	93	116	150	16	72	23	102	18	74	124	182	55	171
75	128	80	132	122	172	154	45	178	147	175	80	117	28	198	93	22	58	115	200
10	32	200	84	11	96	53	63	2	48	92	167	69	120	184	65	124	54	148	88
171	192	42	39	9	17	70	189	177	48	4	11	35	39	167	125	92	109	47	195
10	91	111	154	114	6	101	169	122	153	95	92	21	25	153	41	41	187	112	34
92	187	87	92	80	128	133	111	86	129	73	175	112	121	8	164	130	197	24	25
194	153	181	61	120	52	71	183	91	115	37	46	176	118	7	160	139	190	87	52
Routes of jobs: 
2	11	8	13	6	3	14	1	10	5	20	19	15	18	12	9	16	7	17	4
13	15	1	5	18	7	10	19	14	8	17	4	6	20	2	11	9	12	16	3
2	1	11	12	14	17	20	7	15	8	10	13	19	3	16	18	5	4	6	9
10	5	7	13	19	15	14	17	16	6	4	20	11	2	3	12	1	8	18	9
3	16	9	4	10	13	8	15	1	7	17	12	14	20	18	6	19	5	2	11
5	14	15	11	3	17	12	8	16	10	18	20	9	2	1	4	19	6	7	13
16	3	18	13	4	11	1	15	10	17	2	12	14	19	6	20	9	7	8	5
10	7	14	18	13	16	12	19	5	3	17	8	11	6	15	4	9	20	1	2
8	3	12	9	17	2	16	4	15	7	18	19	13	14	5	6	1	10	11	20
19	2	1	13	9	12	5	15	4	18	14	16	8	3	17	10	11	6	20	7
17	11	3	19	14	1	4	10	5	20	18	13	2	9	6	8	15	12	16	7
14	6	13	12	20	7	10	9	4	11	16	17	3	18	2	1	19	15	8	5
9	4	7	2	6	13	19	15	12	11	3	18	10	16	8	14	17	20	5	1
9	19	8	20	6	2	16	11	4	12	13	5	17	7	1	15	3	14	18	10
1	19	14	4	5	7	13	11	6	9	17	2	16	3	10	8	15	20	12	18
17	19	20	6	15	3	18	11	9	8	12	14	1	4	7	16	5	10	13	2
17	4	15	9	12	16	8	14	6	3	20	7	5	10	18	1	2	13	19	11
14	5	1	2	6	17	13	18	4	3	19	15	8	7	11	10	12	20	16	9
7	11	3	13	10	20	5	12	1	2	9	4	15	16	8	17	14	6	18	19
18	3	11	8	1	16	5	12	15	6	9	13	10	17	4	14	19	20	2	7
18	10	2	17	8	7	20	14	5	15	13	11	6	12	19	9	1	16	4	3
1	11	20	9	4	18	17	15	8	6	13	12	14	19	5	2	10	7	3	16
15	18	4	3	9	2	17	13	8	16	5	20	14	12	10	6	19	7	1	11
11	17	12	7	13	9	8	3	6	4	5	19	15	20	1	16	2	18	14	10
2	7	17	4	15	13	9	11	19	14	6	16	12	3	8	1	10	5	18	20
17	7	2	10	11	14	19	9	1	8	12	13	3	5	20	15	16	6	18	4
14	12	5	7	16	15	3	4	6	10	2	20	1	9	18	17	19	13	8	11
14	10	11	18	20	12	7	6	17	2	16	5	3	19	9	13	15	1	4	8
10	1	17	14	4	5	2	3	19	15	12	6	13	9	8	20	7	16	11	18
1	17	10	5	8	4	13	20	15	6	3	16	14	19	12	11	18	2	9	7
Due dates: 
2187	
2323	
2088	
1923	
2184	
2121	
2233	
2285	
2587	
2293	
2009	
2001	
2389	
2001	
2222	
2295	
2009	
2431	
1917	
1932	
2403	
2541	
1758	
2343	
2551	
1882	
1956	
2016	
2370	
2457	
