20	20
Processing times: 
61	112	54	18	54	96	28	16	9	112	105	108	143	150	26	97	82	141	172	53
12	23	182	109	41	146	73	4	46	122	51	133	75	130	70	86	197	48	65	62
68	119	160	110	169	134	90	122	174	53	137	89	76	121	57	76	126	109	108	169
39	28	163	48	140	70	50	123	107	171	179	194	166	133	140	18	135	64	145	115
188	81	156	125	103	102	10	122	73	44	21	98	17	89	130	94	175	57	9	98
198	169	187	95	19	97	166	94	82	50	171	164	28	69	146	97	12	92	164	148
125	41	19	22	99	63	131	64	40	34	193	19	16	153	87	136	52	168	194	24
107	10	150	164	23	96	131	120	178	181	173	82	100	76	25	12	18	136	5	152
153	56	85	158	40	116	22	81	74	61	37	185	185	62	108	16	118	30	51	116
65	134	47	25	94	20	118	14	67	14	83	24	18	164	176	45	197	95	131	146
194	47	90	115	77	58	123	63	43	200	55	30	70	89	146	67	43	102	104	175
86	28	27	153	196	153	17	131	112	1	149	80	112	153	186	81	84	147	151	161
132	82	190	43	53	22	132	41	166	188	1	110	124	38	170	179	37	121	192	69
99	47	183	35	160	52	38	122	43	28	129	36	122	148	152	69	54	16	57	167
142	122	140	195	144	8	53	183	90	17	38	150	185	111	151	73	85	150	11	84
1	96	132	161	72	161	181	135	44	79	28	55	116	103	197	189	116	124	84	114
73	98	127	168	18	143	122	27	122	68	74	12	163	154	17	140	184	76	150	45
52	156	83	32	29	91	17	47	197	96	62	160	127	172	31	87	143	178	185	71
18	74	99	37	98	23	61	98	86	139	158	46	85	173	94	23	181	119	75	79
141	103	192	82	191	169	46	101	153	60	101	147	132	142	175	134	187	66	30	192
Routes of jobs: 
12	3	14	8	7	4	15	17	10	18	6	9	5	1	19	20	2	11	13	16
1	20	4	10	9	18	3	16	7	19	17	15	2	13	14	12	11	5	8	6
6	13	3	5	2	15	4	16	11	19	1	12	8	10	20	18	17	14	9	7
15	16	9	7	14	13	10	17	5	8	6	4	3	11	20	2	19	1	18	12
8	9	3	19	11	14	18	2	13	5	17	12	20	15	10	1	16	6	4	7
8	6	20	4	14	15	11	9	13	12	17	2	1	16	3	19	18	5	10	7
18	12	6	4	7	19	13	2	10	16	11	9	17	15	3	1	20	5	8	14
14	4	5	18	6	12	7	20	19	13	1	9	11	17	15	10	2	3	16	8
19	7	16	18	8	3	2	6	5	17	9	10	20	11	14	1	12	15	13	4
6	17	20	8	10	12	14	5	11	19	16	7	15	2	3	4	13	18	9	1
1	18	11	14	7	10	8	17	20	9	16	4	5	2	12	13	6	3	15	19
13	4	19	2	5	3	18	17	8	1	10	9	16	7	14	20	15	11	12	6
12	7	3	15	13	17	14	4	18	9	20	16	10	19	8	2	6	1	5	11
19	20	7	18	16	4	13	8	10	5	17	15	11	6	14	9	3	1	12	2
1	16	11	10	17	12	9	4	6	20	15	8	7	3	19	18	14	13	2	5
8	13	3	20	17	15	10	19	12	7	9	14	1	6	4	5	2	11	18	16
16	12	2	10	15	5	8	3	7	14	17	13	4	18	1	9	20	19	11	6
2	1	14	6	20	19	10	15	12	5	9	11	16	8	13	17	7	4	3	18
6	4	2	9	8	11	1	5	20	16	17	10	15	13	7	12	3	14	19	18
10	14	1	15	7	5	17	2	16	9	20	3	18	4	13	8	6	12	19	11
Due dates: 
1474	
1508	
2041	
2006	
1613	
2024	
1512	
1746	
1579	
1510	
1702	
1988	
1881	
1582	
1919	
1970	
1783	
1815	
1590	
2290	
