15	40
Processing times: 
56	104	39	18	43	71	55	176	84	57	73	17	100	141	95
9	161	141	188	113	116	86	33	73	41	155	95	99	191	119
140	22	198	171	91	185	191	64	12	7	67	46	125	22	4
96	57	131	92	96	11	26	65	118	198	79	104	155	58	25
68	32	34	108	91	180	166	49	128	121	93	14	173	4	34
194	54	190	59	30	140	7	61	109	110	66	200	108	94	174
6	45	124	100	164	57	82	190	103	110	10	58	106	118	91
7	92	1	99	55	89	141	118	111	99	50	74	8	49	111
95	172	85	87	100	95	199	180	127	31	6	111	153	159	44
16	175	117	132	49	68	169	174	84	21	84	32	33	193	143
47	109	21	161	80	190	151	101	9	122	97	21	134	102	140
112	105	152	67	3	144	4	68	7	10	170	151	111	34	180
17	116	53	4	11	181	150	15	11	187	107	182	162	142	74
94	56	42	7	78	3	38	84	114	92	124	94	48	127	33
114	162	137	106	36	5	31	76	36	16	83	14	17	147	107
71	129	74	11	63	152	200	200	54	139	2	191	34	14	12
152	24	120	37	169	78	89	134	176	80	44	140	141	113	53
20	13	76	184	36	45	129	105	79	68	85	98	48	47	154
198	189	78	79	150	155	200	26	92	7	181	189	50	79	56
93	110	103	34	162	36	150	180	65	133	25	90	45	95	19
193	132	2	129	137	3	87	13	125	1	65	131	146	128	146
121	184	34	171	78	75	90	26	159	79	83	24	116	177	189
127	193	87	80	32	25	177	52	7	39	159	110	2	124	86
18	76	26	117	150	95	181	29	133	106	144	87	197	192	134
60	122	163	71	101	131	127	199	15	87	119	41	72	18	197
119	169	162	133	8	2	42	57	117	22	93	192	88	140	17
179	111	39	144	87	26	72	53	22	118	134	128	187	65	55
54	84	15	129	39	186	59	55	82	26	44	30	32	169	13
105	66	86	98	90	6	53	16	132	122	15	13	82	25	81
139	98	100	195	130	3	24	20	53	157	33	77	55	149	182
83	135	64	133	79	182	178	18	16	136	101	5	78	84	184
111	113	114	76	9	60	123	69	195	76	92	56	121	155	35
16	53	5	116	188	183	34	19	197	38	44	146	34	140	34
37	147	92	121	131	54	91	175	8	79	153	141	122	127	176
116	36	12	51	10	95	136	65	168	156	97	169	8	33	108
47	175	94	128	30	88	15	158	120	106	66	1	112	179	42
148	168	86	117	94	89	75	119	123	192	77	195	199	40	139
155	83	98	104	120	176	142	126	101	26	179	194	30	102	88
102	179	67	39	126	69	8	72	148	136	146	9	48	165	61
93	65	11	37	2	48	66	49	141	183	110	12	111	28	167
Routes of jobs: 
10	2	13	3	14	15	5	6	7	8	1	9	12	11	4
10	9	7	8	14	6	3	12	15	1	4	11	13	2	5
8	5	3	6	9	11	14	15	12	4	1	13	7	2	10
14	4	12	2	11	6	13	3	15	10	1	7	8	5	9
6	14	1	3	12	13	8	7	10	15	2	4	9	5	11
9	12	6	10	3	2	5	7	4	14	13	15	11	8	1
2	8	9	4	14	15	11	6	10	13	3	5	12	1	7
13	8	6	3	1	10	5	7	12	9	2	15	4	14	11
5	8	9	3	7	2	4	15	6	13	11	10	1	12	14
13	1	2	5	14	15	3	6	11	7	12	10	9	4	8
2	9	5	13	6	1	10	12	8	11	15	4	3	7	14
3	2	8	5	10	4	6	12	7	9	14	15	13	11	1
5	15	14	8	3	6	10	11	1	7	12	9	4	2	13
9	13	7	8	6	1	5	15	3	10	4	2	12	11	14
5	3	11	6	8	13	7	1	10	2	14	12	9	15	4
11	5	12	1	7	14	8	15	4	2	13	9	3	10	6
10	3	8	12	5	11	2	15	14	4	6	9	7	1	13
10	6	4	8	9	2	5	11	7	3	13	1	12	14	15
13	2	9	4	15	8	1	7	14	5	10	3	11	6	12
9	15	2	13	11	3	5	12	1	14	6	7	8	10	4
13	7	6	10	9	14	2	15	8	11	12	1	4	5	3
8	9	14	11	15	7	6	4	2	10	13	1	3	5	12
12	15	5	8	6	2	14	4	13	7	9	10	1	3	11
14	6	13	1	7	5	9	4	12	15	3	11	8	10	2
9	13	3	6	7	11	14	1	12	2	10	15	4	5	8
15	11	12	9	8	4	13	7	6	10	3	1	2	5	14
5	4	7	12	8	11	1	6	13	10	9	15	3	2	14
13	15	6	1	12	10	8	14	2	11	7	9	4	3	5
15	3	10	1	8	2	12	5	4	11	14	6	7	13	9
1	7	12	6	11	3	10	8	15	14	9	2	4	5	13
11	7	15	10	8	3	1	6	4	5	14	2	9	12	13
4	10	15	8	11	7	3	14	9	5	12	13	6	2	1
12	1	13	7	10	9	6	4	2	5	11	8	14	15	3
3	5	1	15	8	12	9	10	6	11	4	2	13	14	7
2	15	11	4	10	5	1	9	6	14	3	7	12	13	8
1	10	3	14	7	2	8	9	6	5	15	11	13	12	4
14	1	5	7	10	13	11	4	12	2	15	8	6	3	9
10	12	15	11	3	9	5	1	8	13	14	2	6	7	4
14	10	11	7	12	13	9	2	6	4	3	15	5	1	8
6	5	14	7	10	13	8	9	1	4	15	11	3	12	2
Due dates: 
1242	
1783	
1480	
1443	
1425	
1756	
1501	
1215	
1809	
1640	
1634	
1450	
1554	
1138	
1196	
1481	
1706	
1306	
1902	
1475	
1582	
1767	
1431	
1854	
1676	
1498	
1563	
1119	
1089	
1557	
1624	
1546	
1372	
1820	
1386	
1498	
2048	
1897	
1513	
1236	
