15	20
Processing times: 
1	49	93	92	52	57	48	27	16	96	60	19	6	6	76
9	87	94	96	83	4	52	49	63	31	47	85	46	26	48
25	34	82	11	37	43	34	34	89	71	23	77	20	32	55
64	51	76	49	84	12	52	45	20	100	42	93	5	75	48
99	1	35	15	80	78	49	24	28	88	100	20	7	1	71
42	28	8	69	3	21	24	42	8	50	33	40	13	5	73
83	65	62	100	15	5	27	89	38	92	82	47	96	81	65
57	93	75	74	24	10	98	44	12	24	8	51	82	59	65
44	42	81	47	55	75	30	29	81	47	100	34	77	31	92
37	91	18	67	1	42	20	98	21	21	100	59	100	77	57
74	16	7	42	19	7	70	34	46	74	42	60	50	71	88
15	22	7	31	45	70	12	99	44	46	70	5	87	88	45
50	49	9	23	51	39	28	84	65	12	30	62	17	5	40
67	88	70	18	13	85	92	69	42	5	19	82	21	52	10
60	52	51	43	34	70	2	66	53	19	75	45	96	1	44
31	44	84	16	10	4	48	67	11	21	78	42	44	37	35
20	40	37	68	42	11	6	44	43	17	3	77	100	82	5
14	5	40	70	63	59	42	74	32	50	21	29	83	64	45
70	28	79	25	98	24	54	65	93	74	22	73	75	69	9
100	46	69	41	3	18	41	94	97	30	96	7	86	83	90
Routes of jobs: 
4	2	3	7	1	5	6	9	13	14	12	10	8	15	11
6	4	7	2	3	5	1	12	11	9	10	14	13	8	15
2	7	5	3	1	6	4	10	15	8	12	13	9	11	14
4	6	7	3	1	2	5	11	13	8	9	12	15	14	10
3	2	4	7	6	5	1	10	8	12	11	9	15	14	13
4	7	6	5	2	3	1	11	12	10	9	14	13	8	15
1	5	3	7	6	2	4	15	11	8	14	10	9	12	13
7	5	3	1	2	4	6	8	14	12	13	15	11	9	10
5	1	4	6	3	7	2	11	9	8	14	10	12	13	15
3	6	1	5	4	7	2	9	15	13	11	12	14	10	8
4	2	5	7	3	1	6	13	10	9	15	14	11	8	12
7	5	3	1	2	4	6	14	10	9	15	13	12	8	11
5	6	1	3	4	7	2	14	13	15	11	12	9	8	10
7	1	6	2	4	5	3	8	15	14	9	12	11	13	10
5	1	2	6	3	7	4	11	12	9	13	14	15	8	10
7	2	1	4	5	3	6	14	15	13	9	8	12	10	11
2	5	4	3	7	1	6	11	12	13	15	8	14	10	9
6	1	4	2	5	3	7	10	14	8	11	15	13	12	9
7	1	4	5	6	3	2	13	14	11	8	10	12	9	15
6	3	5	4	2	7	1	9	12	13	15	8	10	14	11
Due dates: 
559	
656	
534	
653	
557	
368	
758	
621	
692	
648	
560	
549	
452	
587	
569	
458	
476	
553	
687	
721	
