10	20
Processing times: 
25	39	27	19	13	54	93	74	37	40
30	64	69	4	1	2	31	71	8	84
86	54	55	80	79	59	72	86	81	75
17	26	76	15	30	52	83	91	44	68
39	74	98	87	73	43	77	7	17	100
49	63	16	55	9	61	82	46	34	73
87	71	39	80	43	44	41	70	18	79
73	64	22	62	70	25	69	28	19	41
84	58	9	16	7	8	10	17	42	65
10	3	3	8	41	53	13	40	56	96
62	60	64	12	39	2	64	87	21	60
66	71	23	75	78	74	35	24	23	50
5	92	6	69	80	13	17	89	80	47
82	84	24	47	93	85	34	73	28	91
55	57	63	24	40	30	37	99	88	41
75	47	68	7	78	80	2	23	49	50
91	25	10	21	94	6	59	84	75	70
85	31	94	94	11	21	7	61	50	93
27	77	13	30	2	88	4	39	53	54
34	12	31	24	24	16	6	88	81	11
Routes of jobs: 
4	3	2	5	1	9	10	6	8	7
3	1	5	4	2	8	6	10	7	9
5	4	1	3	2	9	7	8	6	10
3	4	2	1	5	9	8	7	6	10
5	4	2	1	3	10	6	9	8	7
2	1	3	4	5	10	6	9	7	8
1	2	5	4	3	8	9	7	10	6
5	3	1	4	2	6	9	7	10	8
4	1	2	5	3	6	7	8	9	10
4	1	2	5	3	8	9	6	10	7
5	2	4	3	1	6	8	7	10	9
3	2	4	5	1	8	7	10	9	6
2	4	5	1	3	8	6	10	7	9
1	4	2	3	5	8	6	7	9	10
5	1	4	3	2	8	7	6	9	10
2	3	4	1	5	8	7	10	9	6
1	5	3	2	4	9	8	6	10	7
3	2	1	5	4	6	10	7	9	8
2	1	5	3	4	6	8	10	7	9
2	3	4	1	5	8	6	10	9	7
Due dates: 
295	
255	
509	
352	
431	
342	
401	
332	
222	
227	
330	
364	
349	
449	
374	
336	
375	
383	
271	
229	
