10	20
Processing times: 
30	68	19	24	55	32	45	72	34	62
67	11	63	16	65	53	52	82	23	95
12	79	19	49	17	42	25	41	40	67
42	19	71	27	95	48	31	25	100	38
94	100	89	1	68	86	55	35	56	29
57	53	4	48	93	86	80	67	99	60
60	95	12	80	82	69	81	5	88	52
28	31	64	79	63	29	33	75	63	18
13	64	31	33	9	30	79	84	20	82
56	95	14	13	34	44	16	45	62	86
66	9	66	46	12	10	58	6	62	17
89	52	37	74	7	43	96	89	21	66
73	68	5	49	67	23	7	44	30	29
21	68	88	75	64	6	72	66	66	56
24	25	69	27	51	60	26	45	77	93
19	17	82	75	34	67	89	91	13	35
2	21	83	19	65	65	8	68	60	7
63	49	4	2	50	99	27	68	46	89
48	45	100	66	30	58	73	94	36	5
36	53	56	57	77	7	59	8	15	23
Routes of jobs: 
3	1	2	5	4	9	8	6	10	7
3	2	5	4	1	10	9	8	7	6
3	5	2	4	1	8	10	9	7	6
1	3	4	5	2	6	9	7	8	10
4	2	5	1	3	6	8	10	9	7
5	2	3	4	1	9	8	6	7	10
5	2	3	1	4	9	8	7	10	6
4	2	5	1	3	9	6	8	10	7
5	2	3	1	4	10	7	6	8	9
3	1	2	5	4	7	6	8	9	10
5	4	3	2	1	6	8	7	9	10
5	2	3	4	1	9	6	8	7	10
2	4	3	5	1	10	8	6	9	7
3	1	2	5	4	7	9	8	10	6
2	5	3	1	4	10	9	7	6	8
3	4	2	5	1	6	10	7	8	9
5	1	4	2	3	7	9	10	8	6
2	4	3	5	1	10	6	7	9	8
1	5	4	3	2	7	8	10	6	9
3	1	5	4	2	10	7	9	6	8
Due dates: 
309	
369	
274	
348	
430	
453	
437	
339	
312	
326	
247	
402	
277	
408	
348	
366	
279	
348	
389	
274	
