15	20
Processing times: 
23	68	49	8	73	24	81	70	74	25	45	4	69	68	59
38	69	33	34	54	7	18	81	28	81	66	66	12	91	50
8	68	82	52	83	18	20	50	93	20	73	6	99	48	54
72	91	41	1	52	30	92	76	41	45	64	71	97	52	43
48	44	29	29	88	49	92	68	22	93	99	63	69	79	14
56	80	42	93	54	94	42	64	85	28	95	39	80	12	69
90	46	91	93	75	93	9	72	67	63	76	50	82	74	77
55	23	90	60	75	74	11	97	100	55	15	54	32	67	48
32	59	40	92	69	64	71	82	28	94	1	58	71	68	34
3	50	94	33	46	87	36	50	38	1	22	45	39	84	60
34	53	28	95	32	56	97	54	84	77	46	94	98	65	48
77	18	1	74	82	97	14	81	34	35	6	14	93	84	52
86	62	57	94	77	37	80	72	56	26	7	41	47	98	67
57	61	34	30	2	45	68	57	89	10	93	43	85	96	42
17	51	4	31	53	21	49	23	4	63	45	21	1	45	90
68	18	87	6	13	9	40	83	95	27	94	68	22	28	66
80	14	67	15	14	97	23	45	1	5	87	34	12	98	35
33	20	74	20	3	90	37	56	38	7	84	100	41	6	97
47	63	1	28	99	41	45	60	2	25	59	39	76	89	5
67	46	25	2	22	8	22	64	82	99	79	87	71	24	19
Routes of jobs: 
4	5	3	6	7	2	1	13	9	11	12	15	10	8	14
4	3	6	2	5	7	1	9	13	15	11	8	10	14	12
1	7	4	5	6	3	2	8	15	12	11	14	10	9	13
3	1	2	5	6	4	7	14	9	10	15	13	11	12	8
1	2	6	7	4	3	5	15	11	9	14	10	13	12	8
1	7	3	4	2	5	6	13	15	12	9	11	14	10	8
1	5	7	2	3	4	6	15	10	12	13	14	9	8	11
1	3	7	4	5	2	6	12	8	13	14	11	15	9	10
7	6	3	1	4	2	5	14	15	13	9	10	8	11	12
7	5	2	6	4	3	1	15	12	14	10	9	11	13	8
2	1	6	7	4	5	3	15	8	13	9	10	11	14	12
3	6	1	5	7	2	4	15	12	13	10	9	14	11	8
2	1	3	7	6	4	5	8	10	12	11	9	14	15	13
6	4	1	7	2	3	5	8	14	10	13	15	11	9	12
7	5	2	3	1	6	4	11	14	10	12	9	8	15	13
7	6	1	4	5	3	2	9	8	13	11	15	12	14	10
3	7	1	6	2	4	5	9	11	12	15	8	13	10	14
5	3	4	7	6	1	2	14	13	9	15	10	12	11	8
7	5	4	1	3	2	6	15	14	8	9	10	11	12	13
7	3	4	2	6	5	1	14	8	13	12	11	9	10	15
Due dates: 
592	
583	
620	
695	
709	
747	
847	
685	
691	
551	
769	
610	
726	
650	
415	
580	
502	
565	
544	
574	
