10	20
Processing times: 
22	58	16	53	24	92	43	63	9	57
66	48	24	6	14	99	73	2	19	85
63	14	90	31	100	27	51	33	1	15
12	96	98	84	52	45	74	49	93	60
54	30	28	8	39	9	75	41	57	19
8	13	89	94	37	71	63	97	36	24
65	25	69	90	15	86	56	52	83	91
68	99	14	59	41	15	48	4	13	55
16	51	17	54	36	50	68	98	45	82
11	75	93	51	55	55	61	19	24	40
56	73	59	38	51	99	29	53	7	72
68	50	88	88	33	47	52	26	74	68
3	42	45	57	28	14	22	31	44	38
89	73	12	9	49	11	15	41	37	10
76	97	100	92	25	8	92	51	58	65
50	54	85	47	45	99	39	32	87	56
70	58	33	85	25	5	65	20	52	44
22	45	60	66	5	61	73	60	14	44
64	97	31	4	43	47	93	100	10	51
9	87	34	62	56	66	95	56	42	86
Routes of jobs: 
3	2	1	5	4	9	10	8	6	7
4	2	5	1	3	8	10	7	9	6
5	3	1	2	4	6	10	9	7	8
3	4	5	1	2	10	7	9	6	8
5	1	3	4	2	9	7	6	8	10
4	1	3	2	5	9	7	10	6	8
4	3	2	5	1	8	7	10	9	6
4	2	5	1	3	8	10	7	9	6
5	3	2	1	4	9	6	8	7	10
2	1	5	3	4	7	10	8	9	6
5	1	4	3	2	7	9	10	6	8
4	5	2	3	1	6	9	7	10	8
3	4	1	2	5	6	9	10	7	8
4	1	5	2	3	6	9	8	10	7
4	3	5	2	1	6	10	8	7	9
5	1	4	2	3	7	10	6	9	8
1	3	4	2	5	9	8	10	7	6
2	4	5	1	3	8	7	10	6	9
5	1	3	2	4	10	8	7	6	9
4	5	3	1	2	6	9	8	10	7
Due dates: 
306	
306	
298	
465	
252	
373	
443	
292	
362	
339	
376	
416	
227	
243	
465	
416	
320	
315	
378	
416	
