15	20
Processing times: 
95	79	73	8	9	5	69	91	85	52	24	43	38	89	32
20	70	71	24	84	18	45	60	21	98	70	23	34	52	52
39	85	98	61	68	40	16	60	16	66	77	73	88	43	84
72	17	94	68	89	56	98	88	8	60	88	48	61	27	65
73	69	24	52	21	28	78	82	83	43	29	48	92	48	32
82	75	4	47	54	14	31	58	31	45	27	61	72	91	31
14	28	65	93	88	92	62	33	31	44	34	72	61	47	32
52	59	19	6	39	98	53	22	74	37	33	92	48	49	41
2	73	51	34	97	95	85	75	21	28	7	85	73	42	61
77	28	56	82	2	94	79	34	96	88	93	41	44	56	5
58	82	15	14	33	88	18	3	36	36	42	62	85	19	57
13	37	74	30	4	78	33	18	59	21	61	81	62	56	2
41	75	65	97	92	40	45	11	40	100	27	91	44	53	66
84	83	52	66	71	3	5	18	3	35	42	63	50	41	43
26	59	84	91	44	81	81	42	63	15	64	53	40	41	89
46	97	67	97	71	88	69	44	20	52	34	74	79	10	87
71	13	100	67	57	24	36	88	79	21	86	60	28	14	3
97	24	41	40	51	73	19	27	70	98	11	83	76	60	12
88	48	33	96	10	49	52	38	49	31	94	23	7	5	4
85	100	51	91	21	83	30	23	48	19	47	95	23	78	22
Routes of jobs: 
4	3	2	1	7	5	6	9	10	12	15	8	11	14	13
7	2	5	4	6	1	3	9	8	10	11	14	13	12	15
7	5	2	1	6	3	4	11	8	12	10	15	9	14	13
1	2	4	5	3	7	6	11	14	10	13	9	8	12	15
7	3	6	1	5	2	4	15	9	12	11	14	13	10	8
5	7	6	4	1	2	3	9	13	8	10	14	15	12	11
5	2	6	7	4	1	3	8	10	9	15	12	14	13	11
1	2	6	4	3	7	5	9	13	11	14	12	8	15	10
1	7	4	3	5	6	2	15	10	13	9	12	8	14	11
6	2	1	3	7	5	4	10	11	13	15	9	8	14	12
3	6	7	4	2	1	5	14	11	10	15	13	8	12	9
4	7	1	5	3	2	6	15	14	10	11	12	8	9	13
6	2	7	1	4	3	5	8	13	9	10	12	15	14	11
2	3	1	4	6	7	5	14	11	12	13	15	9	10	8
5	1	2	7	3	6	4	14	8	12	9	15	10	11	13
2	1	6	5	4	7	3	15	13	12	14	11	9	8	10
4	7	5	3	2	6	1	8	15	9	10	13	12	11	14
1	7	3	5	2	6	4	10	13	14	11	12	8	9	15
6	4	2	5	7	1	3	11	14	8	13	15	10	12	9
3	1	6	7	2	4	5	13	10	9	12	11	8	15	14
Due dates: 
634	
594	
732	
752	
642	
579	
637	
578	
664	
700	
519	
504	
710	
528	
699	
748	
598	
626	
502	
653	
