10	20
Processing times: 
84	30	19	80	14	73	91	81	51	71
7	39	74	66	79	93	21	76	76	6
61	38	73	33	90	86	35	76	61	28
77	33	1	22	1	4	98	68	8	27
7	95	63	50	5	60	70	34	46	28
98	73	32	21	15	7	34	24	24	9
51	16	30	51	47	41	79	79	72	3
53	59	19	20	3	96	20	90	18	16
93	34	55	97	90	63	1	81	41	51
45	92	83	87	77	93	75	75	33	60
31	66	58	17	94	63	80	61	78	52
70	25	75	89	41	100	73	28	94	88
67	62	12	55	62	58	66	73	55	1
81	37	2	39	17	74	71	61	42	5
62	31	63	31	5	7	77	34	34	3
5	55	62	82	80	6	7	29	80	89
26	50	58	22	68	12	9	34	90	87
50	28	64	34	63	9	48	63	61	2
47	23	23	82	98	66	78	100	79	32
13	14	90	77	80	30	31	36	51	69
Routes of jobs: 
3	2	4	1	5	9	6	7	8	10
3	5	2	1	4	10	6	9	7	8
5	4	2	3	1	9	8	6	10	7
5	4	3	1	2	7	6	10	9	8
3	5	2	1	4	9	10	7	6	8
1	2	5	4	3	8	10	9	6	7
4	5	3	2	1	6	7	8	10	9
5	2	1	4	3	7	10	8	6	9
2	3	4	1	5	8	6	9	7	10
5	4	2	3	1	8	10	7	6	9
1	3	2	5	4	6	8	10	7	9
5	2	3	1	4	8	6	7	9	10
2	5	4	3	1	6	9	8	7	10
5	1	2	4	3	8	7	9	6	10
4	1	5	3	2	10	8	9	7	6
1	3	4	2	5	7	9	8	6	10
4	2	3	1	5	8	7	10	6	9
1	3	2	5	4	8	10	7	9	6
1	3	2	5	4	8	7	9	10	6
2	5	1	3	4	10	8	6	7	9
Due dates: 
416	
376	
407	
238	
321	
236	
329	
276	
425	
504	
420	
479	
358	
301	
243	
347	
320	
296	
440	
344	
