15	20
Processing times: 
57	16	22	9	24	53	58	41	92	44	63	93	43	26	20
86	94	89	13	41	55	54	98	14	1	63	100	90	38	80
57	26	39	32	75	9	96	9	41	75	8	30	54	57	28
24	97	36	37	74	63	71	32	24	6	61	71	45	53	19
55	21	23	57	90	84	79	55	14	41	99	8	68	4	59
78	13	81	78	10	10	48	88	51	37	93	21	75	55	11
87	37	52	54	74	26	100	55	13	50	94	68	88	88	73
62	95	72	30	47	70	7	69	89	65	18	25	81	89	64
72	10	89	59	92	53	1	48	8	26	49	97	76	69	52
39	99	47	87	45	32	85	96	98	11	56	13	71	78	95
17	96	21	87	31	41	41	64	17	97	71	95	31	29	3
87	62	95	56	34	66	9	68	86	56	82	97	82	52	42
2	37	49	86	4	63	30	76	84	39	5	63	18	13	47
29	53	63	7	26	19	34	87	42	5	98	44	22	77	11
77	91	58	51	91	14	44	55	95	17	37	54	40	1	31
59	47	56	39	7	43	39	75	43	32	6	93	69	47	93
24	30	97	17	7	55	8	70	87	29	20	29	51	14	32
29	99	17	96	50	67	91	91	14	14	19	36	11	83	6
7	60	31	76	23	83	30	73	76	17	53	9	72	89	24
63	89	2	46	86	74	1	34	30	19	48	75	72	47	58
Routes of jobs: 
2	7	3	5	6	4	1	11	9	13	8	14	15	10	12
3	2	1	4	7	5	6	8	14	15	10	12	13	11	9
2	7	4	5	6	1	3	13	15	11	12	14	10	8	9
4	3	6	1	7	2	5	15	13	9	12	14	11	10	8
4	1	2	6	3	7	5	12	15	11	10	13	9	14	8
5	3	2	4	1	6	7	10	12	8	13	15	14	11	9
7	3	4	2	6	5	1	9	13	11	15	8	12	10	14
5	6	7	3	1	4	2	11	10	8	14	9	15	13	12
7	2	1	4	5	6	3	15	8	9	14	11	10	13	12
7	3	5	2	1	6	4	11	9	12	8	13	15	10	14
1	3	4	7	6	5	2	9	12	14	15	11	8	10	13
7	1	5	2	4	6	3	10	15	9	8	13	11	14	12
4	2	3	1	7	6	5	15	9	11	14	10	13	8	12
1	7	2	4	6	5	3	13	11	14	15	8	10	12	9
7	5	2	3	1	4	6	14	10	8	13	9	15	12	11
6	5	2	7	3	1	4	14	11	13	10	12	8	9	15
5	2	4	7	1	3	6	8	11	9	13	14	12	10	15
3	5	4	1	2	6	7	11	14	13	8	9	12	15	10
1	7	4	6	2	3	5	9	15	12	11	14	13	8	10
4	1	3	2	7	6	5	8	10	13	14	12	9	15	11
Due dates: 
529	
733	
509	
571	
606	
600	
768	
707	
641	
762	
593	
780	
493	
494	
605	
599	
456	
579	
579	
596	
