10	20
Processing times: 
59	64	16	95	10	73	17	3	92	56
96	5	14	30	64	12	93	35	73	11
54	30	83	35	75	39	90	38	29	20
52	20	93	21	29	5	98	11	53	56
17	78	100	16	41	55	2	87	27	55
38	32	71	97	84	5	41	16	41	64
64	57	92	41	37	21	19	94	79	47
23	39	63	67	98	45	89	44	83	81
59	88	63	39	91	44	45	12	36	43
6	17	29	74	51	56	2	49	14	14
75	10	1	35	99	56	95	78	53	82
75	96	21	90	55	23	40	76	55	45
90	64	72	33	59	51	74	85	76	38
57	84	87	2	68	4	77	37	37	94
16	46	34	23	77	68	14	54	37	99
24	73	92	43	42	81	99	88	80	5
56	51	3	87	25	62	11	88	68	29
85	3	21	49	79	38	37	72	18	18
2	55	31	29	98	92	43	99	67	41
69	64	61	13	31	6	84	94	32	54
Routes of jobs: 
3	1	5	4	2	9	10	8	6	7
2	5	4	3	1	10	9	8	7	6
4	5	1	2	3	10	9	8	7	6
5	4	1	3	2	6	8	9	10	7
1	4	5	2	3	6	9	7	8	10
4	2	5	3	1	10	8	6	7	9
4	2	5	1	3	7	10	8	9	6
1	4	2	5	3	9	6	7	10	8
2	1	4	3	5	9	6	7	10	8
3	2	1	4	5	10	7	6	8	9
4	3	5	1	2	8	6	10	7	9
1	3	2	4	5	7	8	10	9	6
4	5	1	3	2	8	7	6	10	9
4	2	3	5	1	9	6	7	8	10
2	4	5	3	1	8	9	10	6	7
5	2	3	1	4	6	8	9	10	7
2	3	1	5	4	6	8	9	7	10
3	4	5	1	2	9	6	10	8	7
1	4	2	3	5	6	7	9	8	10
5	4	1	2	3	6	9	10	8	7
Due dates: 
340	
304	
346	
307	
335	
343	
386	
443	
364	
219	
409	
404	
450	
383	
328	
439	
336	
294	
390	
356	
