15	20
Processing times: 
69	78	38	73	62	8	6	48	59	79	80	22	58	77	49
5	82	69	34	29	63	94	15	61	29	5	94	61	75	17
25	52	30	46	86	3	17	9	53	23	68	34	71	76	70
53	97	50	24	20	79	92	75	59	74	75	99	52	84	3
61	6	15	47	38	21	49	70	71	33	100	8	18	24	83
92	23	66	58	48	50	2	36	66	84	12	12	88	64	4
25	44	42	29	86	87	44	58	28	74	86	16	94	59	77
94	93	44	58	31	69	92	79	63	80	75	39	47	3	80
76	69	27	16	31	19	86	35	24	69	43	37	33	19	9
42	60	75	78	60	59	41	54	31	20	15	61	18	69	60
55	27	21	2	89	78	20	97	41	70	99	77	30	79	98
14	9	10	51	84	72	1	22	10	19	100	43	14	65	65
81	42	13	49	89	50	75	79	25	100	7	38	78	37	54
60	42	44	77	9	26	73	100	46	61	85	92	14	12	49
53	43	72	13	87	65	59	76	71	71	89	2	25	12	21
60	28	33	36	6	96	48	40	79	60	39	34	54	20	52
82	12	11	61	21	21	34	86	53	7	4	95	62	54	82
72	13	46	97	87	87	11	45	85	66	43	39	34	30	55
39	19	19	73	63	30	69	36	13	96	27	59	76	62	14
7	14	79	27	43	96	24	30	27	2	69	75	34	79	96
Routes of jobs: 
6	4	1	3	7	5	2	10	9	14	12	11	13	15	8
4	5	3	1	6	2	7	15	12	10	11	14	8	9	13
2	3	1	7	4	5	6	15	12	10	11	14	9	13	8
3	5	4	1	2	6	7	15	13	11	10	9	8	14	12
3	1	4	5	7	6	2	12	9	15	14	13	10	8	11
5	6	3	1	7	4	2	10	9	11	8	15	13	14	12
4	1	7	6	3	2	5	9	11	10	15	14	13	8	12
5	4	1	6	3	2	7	10	9	13	14	8	12	15	11
2	3	1	6	7	4	5	13	10	14	11	15	12	8	9
3	4	7	5	6	1	2	13	9	11	8	15	10	12	14
5	7	2	6	4	3	1	14	12	11	10	13	8	9	15
7	3	5	6	1	2	4	8	15	11	14	12	9	13	10
6	3	4	7	2	1	5	10	15	14	11	12	9	13	8
3	4	6	2	5	7	1	10	11	13	12	8	15	9	14
3	1	2	6	7	5	4	9	13	10	11	12	8	15	14
3	7	6	2	1	4	5	10	12	11	9	14	8	13	15
6	3	4	5	2	1	7	13	15	9	10	8	11	14	12
6	1	4	7	2	5	3	8	15	12	9	10	14	11	13
2	6	1	5	7	4	3	10	8	11	13	14	15	12	9
2	5	4	3	7	1	6	12	8	13	9	15	14	11	10
Due dates: 
645	
587	
531	
749	
516	
564	
680	
758	
475	
595	
707	
464	
654	
632	
608	
548	
548	
648	
556	
562	
