5	15
Processing times: 
53	21	34	55	95
21	71	26	52	16
12	42	31	39	98
55	77	66	77	79
83	19	64	34	37
43	54	92	62	79
93	69	87	77	87
60	41	38	83	24
98	17	25	44	49
96	77	79	75	43
28	35	95	76	7
61	10	95	9	35
59	16	91	59	46
43	52	28	27	50
87	45	39	9	41
Routes of jobs: 
2	3	5	1	4
4	5	2	3	1
3	1	2	4	5
4	2	5	1	3
5	4	3	2	1
3	2	1	4	5
1	4	2	5	3
1	2	3	5	4
3	4	5	1	2
1	5	4	2	3
5	3	1	4	2
1	5	3	2	4
5	4	2	3	1
5	2	1	3	4
1	2	3	5	4
Due dates: 
149	
107	
128	
204	
137	
190	
238	
142	
134	
213	
139	
121	
156	
115	
128	
