10	10
Processing times: 
53	21	34	55	21	95	71	26	52	16
12	42	31	39	55	98	77	66	77	79
83	19	64	34	92	37	54	43	62	79
93	87	87	69	60	77	41	38	24	83
44	49	98	17	96	25	75	43	79	77
95	7	35	76	61	28	9	95	35	10
46	91	59	16	28	59	52	27	50	43
87	45	39	41	20	9	54	71	14	43
78	28	37	26	33	33	89	8	66	42
69	74	94	27	96	84	78	45	69	81
Routes of jobs: 
2	7	10	9	8	3	1	5	4	6
5	3	6	10	1	8	2	9	7	4
4	3	9	2	5	10	8	7	1	6
2	4	3	8	9	10	7	1	6	5
3	1	6	7	8	2	5	10	4	9
3	4	6	10	5	7	1	9	2	8
4	3	1	2	10	9	7	6	5	8
2	1	4	5	7	10	9	6	3	8
5	3	9	6	4	8	2	7	10	1
9	10	3	5	4	1	8	7	2	6
Due dates: 
267	
346	
341	
396	
362	
271	
283	
254	
264	
431	
