10	10
Processing times: 
87	72	66	60	48	95	54	39	35	5
97	46	21	20	59	55	34	37	19	46
28	24	73	25	45	23	78	83	28	5
53	37	12	71	38	29	55	87	33	12
48	40	49	83	90	7	23	65	17	27
62	66	84	85	25	19	64	46	59	13
41	73	53	80	14	88	67	57	74	47
84	78	41	84	63	64	46	26	28	52
64	11	17	10	85	73	97	67	95	38
59	65	95	93	60	46	85	43	32	85
Routes of jobs: 
7	1	5	4	8	9	2	6	3	10
4	10	7	6	1	9	5	3	8	2
5	2	9	1	8	7	6	4	10	3
10	2	5	4	9	3	7	1	8	6
4	3	7	10	8	1	5	6	2	9
2	5	1	3	10	7	8	9	6	4
2	4	1	3	10	8	9	5	7	6
6	4	7	2	1	8	9	10	3	5
2	1	8	5	4	6	10	9	7	3
5	9	3	4	2	7	8	10	6	1
Due dates: 
337	
261	
248	
257	
270	
314	
357	
340	
335	
398	
