5	20
Processing times: 
87	72	66	60	95
48	54	39	35	5
97	46	21	20	55
59	34	37	19	46
28	24	73	25	23
78	28	83	45	5
71	37	12	29	53
12	33	55	87	38
48	40	49	83	7
90	27	65	17	23
62	85	66	84	19
59	46	13	64	25
53	73	80	88	41
57	47	14	67	74
41	64	84	78	84
52	28	26	63	46
11	64	10	73	17
38	95	85	97	67
93	65	95	59	46
60	85	43	85	32
Routes of jobs: 
4	1	2	5	3
2	1	3	4	5
4	2	1	3	5
3	1	4	2	5
3	4	2	1	5
2	4	3	1	5
4	2	3	5	1
5	4	2	3	1
1	2	3	4	5
1	5	3	4	2
1	4	2	3	5
4	3	5	2	1
3	2	4	5	1
3	5	1	2	4
3	5	4	2	1
5	4	3	1	2
2	1	4	5	3
5	4	1	2	3
4	2	3	1	5
1	2	3	5	4
Due dates: 
228	
109	
144	
117	
104	
144	
122	
135	
137	
134	
190	
125	
201	
156	
211	
129	
105	
230	
215	
183	
