10	10
Processing times: 
82	23	45	38	18	84	29	21	50	41
52	52	38	54	54	16	62	74	57	37
81	61	30	68	79	57	89	89	11	81
91	66	20	33	32	20	84	55	8	24
7	39	64	54	19	56	83	8	7	40
63	6	64	91	74	40	42	98	61	15
26	80	87	75	75	6	44	39	24	22
12	15	20	79	80	8	61	43	26	22
63	36	62	96	22	40	33	10	18	5
89	96	64	95	8	64	38	18	15	23
Routes of jobs: 
5	8	10	3	4	9	6	7	2	1
9	6	2	8	3	4	7	10	5	1
3	5	4	2	9	7	8	1	10	6
1	9	4	8	6	3	5	7	2	10
10	1	5	9	7	3	6	4	8	2
4	3	6	1	8	5	9	2	7	10
2	8	9	4	5	6	7	1	3	10
2	8	3	1	9	7	4	10	6	5
3	4	5	10	1	7	8	9	2	6
2	1	6	4	10	8	9	3	7	5
Due dates: 
259	
298	
388	
260	
227	
333	
287	
220	
231	
306	
