10	10
Processing times: 
9	58	44	5	97	58	89	84	77	96
77	87	81	85	15	39	21	31	57	73
40	49	48	70	10	71	22	80	34	82
55	91	17	7	11	75	72	62	47	35
64	90	94	75	12	50	71	67	15	20
52	57	29	68	58	93	93	70	77	7
95	63	82	27	26	6	87	56	48	36
36	8	36	76	30	15	84	76	41	78
75	78	81	13	54	88	82	13	29	40
52	26	6	6	54	82	64	32	54	88
Routes of jobs: 
3	4	6	5	1	8	9	10	2	7
5	8	2	9	1	4	3	6	10	7
10	7	5	4	2	1	9	3	8	6
2	3	8	6	9	5	4	7	10	1
7	2	4	1	3	9	5	8	10	6
8	6	9	3	5	7	4	2	10	1
7	2	5	6	3	4	8	9	10	1
1	6	9	10	4	7	5	8	3	2
6	3	4	7	5	8	9	10	2	1
10	5	7	8	1	3	9	6	4	2
Due dates: 
371	
340	
304	
284	
335	
363	
316	
288	
332	
279	
