5	20
Processing times: 
53	21	34	55	95
21	71	26	52	16
12	42	31	39	98
55	77	66	77	79
83	19	64	34	37
79	43	92	62	54
93	77	87	87	69
83	24	41	38	60
25	49	44	98	17
96	75	43	77	79
95	76	7	28	35
10	95	61	9	35
91	59	59	46	16
27	52	43	28	50
9	87	41	39	45
54	20	43	14	71
33	28	26	78	37
89	33	8	66	42
84	69	94	74	27
81	45	78	69	96
Routes of jobs: 
3	2	1	4	5
1	4	2	5	3
1	2	3	5	4
3	4	5	1	2
1	5	4	2	3
5	3	1	4	2
1	5	3	2	4
5	4	2	3	1
5	2	1	3	4
1	2	3	5	4
1	4	2	5	3
5	3	1	2	4
2	3	5	1	4
3	2	5	1	4
5	1	4	3	2
2	1	5	4	3
5	2	4	1	3
2	1	3	4	5
5	1	3	2	4
5	3	2	4	1
Due dates: 
155	
112	
134	
213	
143	
198	
248	
148	
140	
222	
145	
126	
163	
120	
133	
122	
122	
143	
209	
222	
