10	20
Processing times: 
53	21	34	55	21	95	71	26	52	16
12	42	31	39	55	98	77	66	77	79
83	19	64	34	92	37	54	43	62	79
93	87	87	69	60	77	41	38	24	83
44	49	98	17	96	25	75	43	79	77
95	7	35	76	61	28	9	95	35	10
46	91	59	16	28	59	52	27	50	43
87	45	39	41	20	9	54	71	14	43
78	28	37	26	33	33	89	8	66	42
69	74	94	27	96	84	78	45	69	81
24	32	25	17	87	81	76	18	31	20
90	28	72	86	23	99	76	97	45	58
17	98	48	46	27	67	62	42	48	27
80	50	19	98	28	50	94	63	12	80
72	75	61	79	37	50	14	55	18	41
96	14	57	47	65	75	79	71	60	22
31	47	58	32	44	58	34	33	69	51
44	40	17	62	66	15	29	38	8	97
58	50	63	87	57	21	57	32	39	20
85	84	56	61	15	70	30	90	67	20
Routes of jobs: 
9	8	7	10	3	2	6	5	1	4
5	6	4	10	1	9	7	8	3	2
6	5	3	7	2	8	1	4	10	9
2	6	1	4	3	8	9	7	10	5
3	6	7	10	2	4	9	1	8	5
2	5	1	3	10	9	6	4	8	7
6	10	1	5	7	4	3	2	9	8
6	10	9	8	5	7	4	1	2	3
2	9	1	3	10	4	6	7	5	8
5	4	7	6	3	9	2	10	8	1
5	8	10	3	4	9	6	7	2	1
9	6	2	8	3	4	7	10	5	1
3	5	4	2	9	7	8	1	10	6
1	9	4	8	6	3	5	7	2	10
10	1	5	9	7	3	6	4	8	2
4	3	6	1	8	5	9	2	7	10
2	8	9	4	5	6	7	1	3	10
2	8	3	1	9	7	4	10	6	5
3	4	5	10	1	7	8	9	2	6
2	1	6	4	10	8	9	3	7	5
Due dates: 
311	
404	
397	
462	
423	
316	
330	
297	
308	
502	
288	
472	
338	
402	
352	
411	
320	
292	
339	
405	
