10	20
Processing times: 
87	72	66	60	48	95	54	39	35	5
97	46	21	20	59	55	34	37	19	46
28	24	73	25	45	23	78	83	28	5
53	37	12	71	38	29	55	87	33	12
48	40	49	83	90	7	23	65	17	27
62	66	84	85	25	19	64	46	59	13
41	73	53	80	14	88	67	57	74	47
84	78	41	84	63	64	46	26	28	52
64	11	17	10	85	73	97	67	95	38
59	65	95	93	60	46	85	43	32	85
61	41	49	23	66	49	70	99	90	17
13	7	98	57	73	73	68	40	98	9
86	76	14	41	85	37	19	17	54	79
40	53	97	87	96	84	16	66	52	95
33	33	87	18	55	13	77	60	42	74
92	91	79	54	69	79	33	61	39	16
82	41	28	64	78	76	6	49	47	58
52	42	24	91	47	88	91	52	28	35
82	76	86	93	84	38	95	37	21	23
77	8	42	64	70	45	45	28	67	86
Routes of jobs: 
4	5	6	1	2	10	9	8	7	3
8	7	1	6	3	4	5	10	9	2
5	3	2	9	1	4	6	8	10	7
1	3	10	2	9	4	7	6	8	5
5	3	10	8	6	7	1	4	9	2
4	5	3	7	10	2	8	9	1	6
6	7	5	1	2	8	3	4	10	9
2	6	5	7	4	1	9	10	8	3
2	1	7	10	3	5	6	4	9	8
4	3	8	2	9	1	7	6	10	5
3	4	6	5	1	8	9	10	2	7
5	8	2	9	1	4	3	6	10	7
10	7	5	4	2	1	9	3	8	6
2	3	8	6	9	5	4	7	10	1
7	2	4	1	3	9	5	8	10	6
8	6	9	3	5	7	4	2	10	1
7	2	5	6	3	4	8	9	10	1
1	6	9	10	4	7	5	8	3	2
6	3	4	7	5	8	9	10	2	1
10	5	7	8	1	3	9	6	4	2
Due dates: 
393	
304	
289	
299	
315	
367	
416	
397	
390	
465	
396	
376	
356	
481	
345	
430	
371	
385	
445	
373	
