10	10
Processing times: 
6	81	40	37	55	19	9	40	32	81
77	46	70	55	64	65	15	21	25	65
40	44	85	24	89	37	83	84	31	29
8	80	30	38	80	59	77	56	97	41
91	17	71	50	88	56	40	7	80	59
45	29	8	58	54	77	9	36	96	10
28	98	73	92	70	87	99	27	86	96
59	95	41	85	52	56	81	92	39	32
88	7	12	60	93	22	27	69	45	49
21	84	61	68	99	26	82	33	44	71
Routes of jobs: 
7	2	5	3	9	4	1	6	10	8
8	3	10	5	2	6	9	1	4	7
3	6	1	4	2	7	5	9	8	10
5	7	8	1	3	6	4	2	10	9
1	7	5	2	3	4	10	9	6	8
3	7	4	6	2	9	1	10	5	8
5	4	2	6	7	8	9	10	1	3
2	8	4	5	7	10	9	1	3	6
4	9	1	3	2	6	5	10	8	7
1	3	4	6	7	10	9	5	8	2
Due dates: 
240	
302	
328	
340	
336	
254	
454	
380	
284	
354	
