10	15
Processing times: 
9	58	44	5	97	58	89	84	77	96
77	87	81	85	15	39	21	31	57	73
40	49	48	70	10	71	22	80	34	82
55	91	17	7	11	75	72	62	47	35
64	90	94	75	12	50	71	67	15	20
52	57	29	68	58	93	93	70	77	7
95	63	82	27	26	6	87	56	48	36
36	8	36	76	30	15	84	76	41	78
75	78	81	13	54	88	82	13	29	40
52	26	6	6	54	82	64	32	54	88
62	67	32	62	69	61	35	72	5	93
78	90	85	72	64	63	11	82	88	7
28	11	50	88	44	31	27	66	49	35
14	39	56	62	97	66	69	7	47	76
18	93	58	47	69	57	41	53	79	64
Routes of jobs: 
8	6	9	3	5	7	4	2	10	1
7	2	5	6	3	4	8	9	10	1
1	6	9	10	4	7	5	8	3	2
6	3	4	7	5	8	9	10	2	1
10	5	7	8	1	3	9	6	4	2
7	6	2	8	9	5	1	3	10	4
8	1	9	5	3	2	10	4	7	6
4	6	10	2	9	3	5	7	1	8
1	8	3	9	5	7	6	2	10	4
3	2	8	7	5	1	6	4	10	9
9	3	6	1	8	4	2	5	10	7
3	10	1	2	9	7	4	8	6	5
5	10	8	7	1	6	3	2	9	4
3	6	7	5	4	10	8	2	9	1
2	9	8	7	4	10	3	6	5	1
Due dates: 
402	
368	
329	
307	
363	
393	
342	
312	
360	
302	
363	
416	
279	
347	
377	
