10	15
Processing times: 
76	29	38	12	75	97	66	44	14	12
43	80	85	82	58	38	87	69	92	89
43	84	14	41	8	61	48	7	66	5
96	8	42	74	59	19	41	97	43	73
7	48	70	75	37	5	55	23	42	38
79	56	72	95	25	73	43	31	9	60
97	7	64	78	94	21	16	86	53	31
61	33	65	86	30	32	59	85	44	63
60	30	44	16	11	61	45	90	93	84
32	49	28	20	47	11	52	36	31	35
20	49	74	10	17	34	85	77	68	84
85	7	71	59	76	17	29	17	48	13
15	87	11	39	39	43	19	32	16	64
32	92	33	82	83	57	99	91	99	8
88	7	27	38	91	69	21	62	39	48
Routes of jobs: 
9	5	4	3	1	6	10	2	8	7
6	4	3	5	7	10	1	2	8	9
10	2	1	7	5	8	4	6	9	3
3	2	1	6	5	8	10	9	4	7
7	3	4	9	5	8	2	6	10	1
9	3	8	1	6	4	5	7	10	2
1	3	4	6	5	10	9	7	8	2
4	8	10	1	3	5	6	2	9	7
3	4	5	7	2	10	9	1	6	8
8	9	5	7	1	6	3	10	4	2
9	7	8	5	6	4	1	3	10	2
2	6	9	7	5	1	4	3	8	10
3	7	8	2	5	9	1	4	10	6
7	3	6	9	2	8	10	5	4	1
5	8	9	2	4	3	7	10	6	1
Due dates: 
301	
470	
246	
359	
260	
353	
356	
363	
348	
222	
337	
275	
238	
440	
319	
