10	15
Processing times: 
53	21	34	55	21	95	71	26	52	16
12	42	31	39	55	98	77	66	77	79
83	19	64	34	92	37	54	43	62	79
93	87	87	69	60	77	41	38	24	83
44	49	98	17	96	25	75	43	79	77
95	7	35	76	61	28	9	95	35	10
46	91	59	16	28	59	52	27	50	43
87	45	39	41	20	9	54	71	14	43
78	28	37	26	33	33	89	8	66	42
69	74	94	27	96	84	78	45	69	81
31	24	20	17	25	81	76	87	32	18
28	97	58	45	76	99	23	72	90	86
27	48	27	62	98	67	48	42	46	17
12	50	80	50	80	19	28	63	94	98
61	55	37	14	50	79	41	72	18	75
Routes of jobs: 
3	4	6	10	5	7	1	9	2	8
4	3	1	2	10	9	7	6	5	8
2	1	4	5	7	10	9	6	3	8
5	3	9	6	4	8	2	7	10	1
9	10	3	5	4	1	8	7	2	6
9	8	7	10	3	2	6	5	1	4
5	6	4	10	1	9	7	8	3	2
6	5	3	7	2	8	1	4	10	9
2	6	1	4	3	8	9	7	10	5
3	6	7	10	2	4	9	1	8	5
2	5	1	3	10	9	6	4	8	7
6	10	1	5	7	4	3	2	9	8
6	10	9	8	5	7	4	1	2	3
2	9	1	3	10	4	6	7	5	8
5	4	7	6	3	9	2	10	8	1
Due dates: 
289	
375	
369	
429	
392	
294	
307	
275	
286	
467	
268	
439	
314	
374	
327	
