10	15
Processing times: 
12	7	94	92	87	91	19	21	11	66
75	14	20	13	7	16	77	95	7	66
15	45	34	6	76	89	53	20	77	88
52	88	74	27	62	9	88	52	69	98
62	52	61	90	88	9	15	54	59	5
41	50	23	53	38	78	71	91	68	72
45	6	25	95	23	52	66	17	30	36
71	8	95	76	65	88	28	65	85	27
73	37	9	51	28	90	55	51	86	37
16	25	15	39	46	24	83	53	82	44
72	48	87	66	5	54	39	35	95	60
46	20	97	21	46	37	19	59	34	55
23	25	78	24	28	83	28	5	73	45
37	53	87	38	71	29	12	33	55	12
90	17	49	83	40	23	65	27	7	48
Routes of jobs: 
10	6	5	3	8	4	2	1	9	7
4	3	5	2	10	1	7	6	8	9
9	8	3	1	10	6	7	4	2	5
4	3	7	5	8	9	6	10	1	2
5	7	2	3	8	1	9	6	4	10
7	1	5	4	8	9	2	6	3	10
4	10	7	6	1	9	5	3	8	2
5	2	9	1	8	7	6	4	10	3
10	2	5	4	9	3	7	1	8	6
4	3	7	10	8	1	5	6	2	9
2	5	1	3	10	7	8	9	6	4
2	4	1	3	10	8	9	5	7	6
6	4	7	2	1	8	9	10	3	5
2	1	8	5	4	6	10	9	7	3
5	9	3	4	2	7	8	10	6	1
Due dates: 
325	
254	
327	
403	
322	
381	
257	
396	
337	
278	
365	
283	
268	
278	
292	
