10	15
Processing times: 
72	26	38	19	30	98	74	8	43	75
23	85	67	43	39	13	19	9	73	26
55	50	61	93	7	80	57	46	72	42
91	68	72	96	99	68	60	43	11	11
43	70	34	12	30	7	74	84	40	69
49	69	9	27	59	72	45	99	60	63
75	90	91	17	8	37	71	50	65	98
72	9	91	31	38	98	49	90	62	72
39	80	63	52	35	25	35	47	21	74
5	88	68	50	53	24	20	57	52	58
99	91	33	19	18	38	24	35	49	9
68	60	77	10	60	15	72	18	90	18
79	60	56	91	40	86	72	80	89	51
10	92	23	46	40	72	6	23	95	34
24	29	49	55	47	77	77	8	28	48
Routes of jobs: 
8	10	1	7	5	9	3	6	2	4
7	9	4	1	2	5	6	10	3	8
2	4	6	5	1	3	7	9	10	8
2	8	5	7	6	1	9	4	10	3
8	3	9	6	2	7	4	1	10	5
9	1	5	6	10	2	8	7	4	3
7	3	9	2	10	5	8	1	6	4
9	8	6	4	3	5	10	2	1	7
5	1	10	6	8	4	3	9	7	2
10	1	4	9	2	7	3	6	5	8
8	4	5	6	3	7	1	10	2	9
1	4	3	8	9	6	10	2	7	5
10	2	4	7	3	9	8	1	6	5
5	3	6	7	9	8	4	2	1	10
3	6	10	9	1	7	4	8	2	5
Due dates: 
314	
259	
366	
403	
301	
359	
392	
398	
307	
309	
270	
318	
458	
287	
288	
