10	20
Processing times: 
6	81	40	37	55	19	9	40	32	81
77	46	70	55	64	65	15	21	25	65
40	44	85	24	89	37	83	84	31	29
8	80	30	38	80	59	77	56	97	41
91	17	71	50	88	56	40	7	80	59
45	29	8	58	54	77	9	36	96	10
28	98	73	92	70	87	99	27	86	96
59	95	41	85	52	56	81	92	39	32
88	7	12	60	93	22	27	69	45	49
21	84	61	68	99	26	82	33	44	71
43	72	30	98	75	26	8	74	19	38
19	67	73	85	26	39	9	23	13	43
72	46	80	93	61	7	42	50	55	57
99	91	11	68	43	96	72	11	60	68
69	43	12	40	70	74	34	7	30	84
99	27	59	72	9	45	49	63	69	60
75	17	91	50	65	37	98	90	71	8
72	9	31	49	91	62	90	72	98	38
35	63	25	35	21	47	52	80	39	74
68	24	58	52	5	20	50	57	88	53
Routes of jobs: 
9	2	5	8	1	6	10	4	3	7
3	4	8	5	2	9	10	1	6	7
8	5	4	2	3	9	10	7	6	1
5	6	1	3	7	4	2	8	10	9
7	3	1	8	10	9	4	6	2	5
8	10	1	7	5	9	3	6	2	4
7	9	4	1	2	5	6	10	3	8
2	4	6	5	1	3	7	9	10	8
2	8	5	7	6	1	9	4	10	3
8	3	9	6	2	7	4	1	10	5
9	1	5	6	10	2	8	7	4	3
7	3	9	2	10	5	8	1	6	4
9	8	6	4	3	5	10	2	1	7
5	1	10	6	8	4	3	9	7	2
10	1	4	9	2	7	3	6	5	8
8	4	5	6	3	7	1	10	2	9
1	4	3	8	9	6	10	2	7	5
10	2	4	7	3	9	8	1	6	5
5	3	6	7	9	8	4	2	1	10
3	6	10	9	1	7	4	8	2	5
Due dates: 
280	
353	
383	
397	
392	
296	
530	
443	
331	
413	
339	
278	
395	
434	
325	
387	
422	
429	
330	
333	
