15	15
Processing times: 
88	44	67	24	18	80	38	80	45	64	51	24	15	72	43
40	47	21	52	32	59	40	31	70	88	77	20	43	76	5
32	26	14	49	47	64	94	58	80	85	5	11	96	26	59
75	9	79	34	75	23	9	20	66	52	68	43	37	10	83
6	26	54	28	79	42	84	88	54	59	40	16	69	36	62
56	86	23	68	82	29	5	59	64	12	13	17	53	78	59
16	85	58	69	81	83	62	90	66	7	83	69	65	46	42
33	82	24	72	24	82	10	73	64	20	71	99	43	27	65
38	34	8	92	82	35	21	30	45	35	6	15	52	83	23
85	94	84	60	28	7	79	70	66	66	6	29	39	27	80
5	72	36	44	21	14	58	61	65	25	42	51	52	14	55
46	79	63	93	49	78	51	91	79	27	72	12	17	26	43
49	93	70	61	71	78	21	49	91	44	41	47	91	84	28
66	30	45	25	85	24	91	67	84	53	95	11	21	32	89
99	40	69	92	41	66	57	93	73	44	37	18	69	97	22
Routes of jobs: 
11	15	8	5	7	4	3	13	12	14	9	6	10	2	1
7	10	11	6	12	4	9	1	5	14	13	8	3	15	2
1	4	11	6	8	9	7	12	2	14	15	10	5	13	3
6	7	1	13	12	3	5	4	8	14	15	11	10	9	2
13	10	4	15	14	2	7	12	9	6	3	1	11	8	5
14	13	12	6	5	3	10	9	2	8	7	4	15	11	1
11	14	10	13	12	7	1	3	9	6	8	15	5	4	2
8	11	9	7	10	12	5	15	6	4	13	2	14	3	1
5	2	4	3	1	9	7	6	13	10	12	15	11	14	8
3	6	10	11	5	14	7	8	1	2	4	15	13	9	12
4	7	14	9	2	6	13	5	10	1	12	8	15	11	3
15	11	6	12	13	1	10	7	3	2	9	8	5	14	4
8	1	5	6	10	11	13	14	9	7	12	15	4	3	2
4	5	1	3	11	13	9	6	10	8	7	12	14	2	15
4	8	1	2	11	13	6	7	15	10	9	14	12	3	5
Due dates: 
546	
509	
541	
496	
539	
511	
669	
573	
435	
595	
446	
599	
666	
594	
665	
