15	15
Processing times: 
62	66	84	85	25	19	64	46	59	13	41	73	53	80	88
14	67	57	74	84	47	78	41	84	64	63	46	26	28	52
64	11	17	10	85	73	97	67	95	38	59	65	95	93	46
60	85	43	32	66	85	90	61	41	49	23	17	49	70	99
73	98	68	73	13	40	9	7	57	98	37	85	17	41	79
14	76	54	19	95	86	40	53	16	87	84	66	97	96	52
18	33	55	87	77	74	33	60	13	42	16	61	54	33	91
69	79	92	79	58	39	41	78	76	64	28	82	6	49	47
52	35	28	47	91	42	88	52	24	91	23	21	76	86	82
84	93	38	95	70	37	86	45	67	28	8	42	64	45	77
9	58	44	5	97	58	89	84	77	96	77	87	81	85	39
15	21	31	57	40	73	49	48	70	71	10	22	80	34	82
55	91	17	7	11	75	72	62	47	35	64	90	94	75	50
12	71	67	15	52	20	57	29	68	93	58	93	70	77	7
95	63	82	27	26	6	87	56	48	36	36	8	36	76	15
Routes of jobs: 
6	7	12	10	3	15	4	11	13	14	2	8	9	5	1
2	4	8	3	15	1	10	9	7	6	14	5	11	13	12
7	9	1	10	11	13	3	12	14	4	6	2	5	15	8
11	13	4	5	3	1	9	8	14	10	12	7	2	15	6
10	9	4	7	1	8	2	5	14	6	12	11	3	15	13
12	8	6	7	1	4	14	5	3	11	13	9	15	2	10
5	3	10	6	15	14	11	13	1	4	8	9	7	2	12
7	6	12	10	15	11	8	14	2	5	3	4	13	1	9
12	6	10	3	1	7	13	14	11	2	8	5	4	15	9
12	2	4	14	10	15	1	11	8	5	6	7	13	9	3
5	13	2	8	6	1	12	4	3	14	7	11	10	15	9
13	2	11	6	9	7	3	14	5	12	1	15	4	10	8
3	8	6	10	2	15	4	11	14	13	1	7	9	5	12
12	7	2	13	10	6	4	14	11	1	3	9	15	8	5
14	4	5	10	12	11	1	9	3	7	6	2	8	13	15
Due dates: 
623	
599	
664	
631	
577	
678	
542	
644	
608	
638	
715	
510	
613	
573	
506	
