15	15
Processing times: 
53	21	34	55	21	95	71	26	52	16	12	42	31	39	98
55	77	66	77	83	79	19	64	34	37	92	54	43	62	79
93	87	87	69	60	77	41	38	24	83	44	49	98	17	25
96	75	43	79	95	77	7	35	76	28	61	9	95	35	10
46	91	59	16	28	59	52	27	50	43	87	45	39	41	9
20	54	71	14	78	43	28	37	26	33	33	89	8	66	42
69	74	94	27	96	84	78	45	69	81	20	31	17	87	76
24	18	32	81	58	25	72	23	99	28	45	76	86	90	97
42	46	17	48	98	27	67	62	27	48	80	12	50	19	28
94	63	98	50	75	80	41	50	55	14	61	37	18	79	72
47	71	14	96	75	57	60	65	79	22	33	31	69	32	58
44	34	47	58	62	51	44	17	29	8	97	15	40	66	38
57	39	58	50	63	20	21	57	32	87	84	85	90	61	56
20	67	70	30	82	15	23	45	38	84	18	29	21	50	41
52	52	38	54	54	16	62	74	57	37	81	61	30	68	57
Routes of jobs: 
5	4	7	15	11	3	10	2	1	8	9	6	13	12	14
12	5	2	8	9	15	13	1	4	7	10	6	11	14	3
10	6	3	8	5	13	1	14	7	11	4	12	9	2	15
6	1	10	7	5	14	8	9	12	13	3	2	11	15	4
11	5	9	3	1	12	15	10	7	8	2	14	4	6	13
1	3	5	14	4	13	15	7	2	10	12	9	8	11	6
9	5	13	1	8	12	7	11	4	14	2	6	15	3	10
5	14	12	4	8	10	2	3	13	9	15	1	11	7	6
6	2	7	9	14	11	3	4	8	12	15	5	1	10	13
12	6	5	9	8	1	10	7	15	4	11	14	3	13	2
8	4	1	5	13	15	11	2	10	14	6	9	3	12	7
2	3	4	6	5	7	10	8	11	9	12	14	13	1	15
4	8	14	6	12	13	3	5	11	2	10	7	15	9	1
10	8	6	15	11	5	12	3	2	4	14	7	1	13	9
10	11	12	15	9	1	8	7	13	2	3	14	5	4	6
Due dates: 
483	
668	
647	
596	
502	
466	
688	
620	
487	
644	
587	
472	
624	
459	
575	
