15	15
Processing times: 
72	26	38	19	30	98	74	8	43	75	23	85	67	43	13
39	19	9	73	55	26	50	61	93	80	7	57	46	72	42
91	68	72	96	99	68	60	43	11	11	43	70	34	12	7
30	74	84	40	49	69	69	9	27	72	59	45	99	60	63
75	90	91	17	8	37	71	50	65	98	72	9	91	31	98
38	49	90	62	39	72	80	63	52	25	35	35	47	21	74
5	88	68	50	53	24	20	57	52	58	24	49	18	91	19
33	38	99	9	68	35	18	77	60	15	18	90	10	60	72
80	60	40	56	51	89	91	72	86	79	95	23	92	6	23
10	46	72	40	47	34	28	24	77	29	48	77	8	55	49
7	6	20	20	89	11	38	5	52	15	22	30	79	28	9
55	8	37	22	88	73	58	93	17	85	71	69	9	25	56
20	33	49	46	30	26	37	21	64	85	77	56	99	74	58
63	42	64	24	89	15	75	52	98	38	17	60	54	92	23
97	7	43	8	57	17	7	93	29	62	88	56	87	35	26
Routes of jobs: 
2	13	1	7	15	9	5	4	11	12	6	14	3	8	10
15	1	5	13	2	9	10	6	11	7	12	4	3	8	14
4	5	13	7	8	15	14	9	12	11	1	2	10	6	3
15	12	5	2	9	1	10	8	13	14	6	7	3	4	11
3	1	10	4	11	14	12	15	8	6	5	9	2	13	7
12	7	5	4	15	6	11	10	2	9	8	3	14	13	1
15	8	11	14	4	1	12	13	10	6	9	2	3	7	5
8	15	6	12	5	7	4	1	9	11	13	14	2	3	10
14	9	3	10	13	12	6	11	7	8	1	2	4	5	15
2	7	6	12	5	1	15	9	11	8	13	3	14	10	4
11	5	13	1	10	2	12	7	6	9	4	8	15	3	14
6	15	3	4	14	7	2	8	5	9	13	12	11	10	1
10	15	4	9	3	7	2	5	6	1	14	11	13	12	8
11	4	5	6	12	2	9	3	14	1	8	13	7	15	10
4	6	12	8	15	10	7	11	1	2	3	9	14	13	5
Due dates: 
518	
529	
570	
616	
655	
567	
491	
509	
684	
467	
313	
556	
562	
585	
517	
