15	15
Processing times: 
27	35	51	81	74	73	13	59	32	65	28	55	33	38	75
64	53	33	10	6	49	23	72	7	52	39	83	21	90	72
61	23	93	82	78	21	88	53	65	28	81	70	62	77	73
41	12	24	6	15	12	51	33	28	94	98	42	99	15	72
32	94	23	31	15	7	78	86	22	96	24	42	97	43	73
35	72	93	68	44	88	63	14	49	67	17	85	5	13	66
8	68	99	72	26	27	21	82	45	15	51	96	56	49	53
93	23	52	54	14	36	23	24	38	83	70	48	37	60	55
62	82	37	12	45	33	26	15	69	23	59	9	73	64	28
87	72	15	92	50	12	14	80	71	46	48	44	90	24	61
22	97	54	73	46	16	61	75	54	94	40	32	6	67	93
30	77	6	47	22	55	30	7	98	9	92	79	79	36	36
49	82	52	73	31	7	82	72	37	54	35	73	76	83	92
43	28	45	39	26	29	48	58	80	70	98	96	34	52	94
42	70	93	21	14	26	90	18	23	36	17	84	67	43	84
Routes of jobs: 
10	11	5	13	3	15	6	9	7	4	2	8	14	12	1
1	2	12	3	5	10	15	9	14	13	7	4	11	6	8
15	4	2	13	7	6	9	12	8	11	3	14	1	10	5
2	7	8	5	15	11	10	6	12	3	14	9	4	13	1
13	6	10	5	15	14	1	9	12	2	3	8	7	11	4
2	6	3	14	5	15	7	8	10	11	12	1	4	13	9
10	8	7	15	4	14	3	5	13	9	2	11	1	6	12
4	8	5	9	6	3	15	13	12	1	14	11	2	7	10
4	9	7	10	15	2	6	5	14	8	12	13	11	3	1
1	6	8	5	11	13	2	14	7	9	12	10	3	15	4
3	1	7	5	4	6	13	10	15	14	9	8	12	11	2
11	15	5	10	4	2	13	14	7	9	12	8	6	3	1
1	14	4	7	2	15	12	5	11	10	6	9	8	3	13
11	13	14	5	2	4	9	6	10	1	7	8	3	15	12
2	11	7	13	5	9	4	8	14	12	6	10	3	15	1
Due dates: 
536	
489	
693	
466	
554	
565	
557	
515	
462	
585	
602	
510	
652	
609	
528	
