15	15
Processing times: 
20	27	18	51	10	1	51	6	41	90	44	26	19	52	80
88	85	44	55	34	61	84	34	2	56	69	20	12	86	78
62	74	83	72	95	34	89	63	29	98	65	31	26	90	24
93	48	96	45	21	17	1	79	11	10	27	15	77	22	61
81	35	52	29	54	70	60	80	83	7	78	91	97	52	28
9	39	59	93	20	77	41	10	7	97	49	45	3	31	98
93	52	96	47	51	4	18	90	21	28	85	63	67	49	5
61	82	66	34	56	16	67	92	99	58	50	82	25	57	15
63	87	91	59	16	31	82	29	99	59	48	61	22	36	48
83	62	25	25	65	69	55	97	28	31	57	98	66	15	31
88	13	99	17	20	95	84	63	54	90	75	70	41	1	25
42	59	1	22	84	3	63	73	59	93	78	21	59	46	10
22	80	38	26	56	94	27	72	8	51	12	43	93	17	80
6	46	8	29	75	92	43	90	72	62	90	78	46	29	16
93	45	23	35	17	89	32	16	46	10	93	85	91	44	41
Routes of jobs: 
14	13	8	1	6	12	10	11	2	3	4	15	5	7	9
3	2	9	15	14	1	6	12	10	13	11	8	4	5	7
1	4	2	8	5	9	15	6	7	3	14	13	10	11	12
10	12	1	8	13	15	7	2	14	11	5	6	4	3	9
9	14	6	11	10	15	13	3	4	1	7	12	8	5	2
13	14	15	10	6	2	7	8	1	4	9	11	5	12	3
10	1	6	5	13	15	7	2	4	9	14	12	3	11	8
13	2	10	15	7	11	3	8	5	12	14	6	4	9	1
7	6	13	5	2	15	10	1	8	9	11	14	3	12	4
9	4	6	5	2	11	8	10	14	3	1	12	7	13	15
5	3	2	1	15	11	10	7	12	13	4	9	8	14	6
9	4	14	15	3	12	6	5	10	13	11	8	2	1	7
8	2	11	5	1	9	13	7	14	3	4	10	12	15	6
9	12	4	8	2	13	7	5	11	14	3	6	15	10	1
6	14	15	7	10	12	8	3	13	9	4	5	11	2	1
Due dates: 
389	
586	
678	
452	
651	
492	
558	
624	
603	
586	
606	
517	
522	
567	
551	
