15	15
Processing times: 
98	43	8	94	10	49	21	71	25	86	65	73	90	59	60
23	11	86	93	62	20	65	28	28	37	68	38	82	35	36
67	22	60	38	20	91	96	33	82	79	40	88	62	81	83
88	24	4	90	68	78	58	7	16	13	70	14	53	73	73
73	41	19	13	52	19	85	99	19	95	71	93	59	63	60
10	93	60	41	72	62	58	63	88	46	16	76	83	62	69
34	8	92	70	85	50	62	53	5	44	68	25	78	90	70
64	11	96	44	94	21	91	1	12	92	41	59	60	63	19
16	91	83	68	23	51	13	40	63	90	46	93	24	37	49
6	3	5	21	64	76	66	17	94	37	14	63	62	98	35
25	52	9	41	73	68	39	98	34	27	50	35	41	62	42
32	62	39	32	29	8	33	68	10	91	35	8	23	20	58
28	81	42	53	24	3	44	2	28	59	8	66	45	31	23
36	23	11	59	27	93	64	77	53	62	60	23	72	7	97
84	36	24	20	38	68	72	47	30	1	98	91	85	30	42
Routes of jobs: 
10	15	5	14	11	4	8	9	1	6	2	3	13	7	12
11	9	12	15	4	14	10	8	5	3	7	2	6	13	1
8	1	7	6	15	14	3	12	5	13	2	10	4	11	9
10	12	15	1	2	9	6	11	13	5	14	4	7	8	3
12	5	14	4	9	2	11	13	3	15	7	8	1	10	6
6	3	2	11	1	5	9	15	7	4	10	8	12	13	14
6	11	14	1	10	9	2	12	15	8	13	3	7	5	4
13	1	10	4	14	7	6	8	3	15	12	9	11	2	5
12	11	6	14	2	10	9	8	4	7	1	3	15	13	5
3	15	4	11	7	2	1	14	12	5	6	9	8	13	10
12	15	14	6	5	10	2	7	13	1	3	9	11	4	8
13	4	11	9	5	8	14	12	15	2	3	1	6	7	10
9	14	6	1	12	10	5	13	2	11	7	3	8	15	4
3	6	5	4	10	2	12	14	8	7	11	15	1	9	13
2	11	5	3	1	8	7	10	12	13	6	15	4	14	9
Due dates: 
618	
517	
683	
529	
625	
652	
605	
557	
571	
480	
505	
398	
390	
554	
556	
