15	15
Processing times: 
70	83	15	26	10	96	94	53	10	93	65	82	66	92	27
18	99	33	51	74	31	91	88	78	7	79	8	18	57	51
54	4	68	35	39	6	50	82	82	40	20	54	86	21	68
94	92	23	9	93	73	30	32	56	30	53	30	27	58	91
42	93	95	96	36	76	21	78	23	29	60	52	79	42	99
87	26	78	61	31	29	14	83	30	62	50	16	88	70	65
37	19	43	75	85	73	68	20	4	66	24	54	18	87	91
9	62	6	80	7	52	57	49	62	3	7	32	61	35	99
13	87	82	15	56	83	96	8	85	66	85	30	78	88	91
17	69	60	89	6	13	5	88	41	30	78	59	45	66	82
8	93	73	90	90	91	89	27	49	35	28	6	80	1	32
75	45	47	67	87	34	51	84	28	60	3	58	8	69	43
77	48	20	31	80	65	33	96	62	33	97	90	75	50	44
35	56	7	16	51	17	89	18	28	59	30	17	63	75	21
8	26	83	87	37	97	34	12	16	20	57	5	42	68	73
Routes of jobs: 
7	13	5	8	4	3	11	12	9	15	10	14	6	1	2
5	6	8	15	14	9	12	10	7	11	1	4	13	2	3
2	9	10	13	7	12	14	6	1	3	8	11	5	4	15
6	3	10	7	11	1	14	5	8	15	12	9	13	2	4
8	9	7	11	5	10	3	15	13	6	2	14	12	1	4
6	4	13	14	12	5	15	8	3	2	11	1	10	7	9
13	4	8	9	15	7	2	12	5	6	3	11	1	14	10
12	6	1	8	13	14	15	2	3	9	5	4	10	7	11
11	12	7	15	1	2	3	6	13	5	9	8	10	14	4
7	12	10	3	9	1	14	4	11	8	2	13	15	5	6
5	8	14	1	6	13	7	9	15	11	4	2	12	10	3
3	15	1	13	7	11	8	6	9	10	14	2	4	12	5
6	9	11	3	4	7	10	1	14	5	2	12	13	8	15
9	15	5	14	6	7	10	2	13	8	12	11	4	3	1
11	9	13	7	5	2	14	15	12	1	8	4	3	10	6
Due dates: 
640	
568	
515	
574	
668	
573	
554	
451	
699	
543	
575	
551	
654	
422	
483	
