15	15
Processing times: 
62	3	3	62	82	88	66	69	81	88	12	81	80	38	54
89	51	52	76	18	22	89	22	85	15	5	47	83	26	30
54	62	47	38	96	78	9	90	71	93	33	21	44	71	19
41	3	30	10	11	55	80	31	92	12	82	26	75	33	96
89	36	65	19	10	72	69	11	49	37	57	73	12	32	43
56	94	6	52	76	83	46	72	32	30	87	36	13	62	32
21	27	78	64	99	29	72	16	17	49	15	14	19	38	43
27	3	50	25	12	18	55	74	62	15	4	49	71	5	38
33	22	59	97	16	31	94	61	25	47	86	13	48	40	69
4	46	96	35	23	84	96	74	18	27	80	23	49	46	72
92	81	17	47	51	82	23	36	96	35	54	38	67	7	5
78	24	42	79	9	56	76	80	58	1	49	26	43	24	62
57	17	96	36	99	14	11	17	38	64	38	38	86	58	83
63	90	86	75	77	8	27	96	64	69	62	93	40	10	61
14	73	3	53	84	58	87	95	84	90	47	71	68	12	75
Routes of jobs: 
8	12	9	4	13	2	14	1	15	7	10	5	3	11	6
13	2	12	10	7	4	3	5	6	9	14	15	11	1	8
2	3	10	1	4	6	9	5	15	11	13	14	8	7	12
14	11	7	3	15	8	5	12	1	6	10	4	9	2	13
2	9	5	15	7	6	4	3	10	11	14	8	12	1	13
6	15	3	13	11	2	12	5	7	10	1	14	9	4	8
6	3	1	2	9	15	12	11	8	10	7	13	5	14	4
5	8	11	2	10	9	3	15	12	4	6	7	14	13	1
15	12	1	10	11	6	4	13	9	14	7	2	8	3	5
10	1	4	11	13	14	6	2	7	15	9	12	3	8	5
8	3	2	13	4	15	5	7	6	10	9	14	11	1	12
1	9	15	13	10	6	7	11	8	12	4	5	2	14	3
9	13	11	12	15	4	7	2	5	6	1	10	14	3	8
14	3	12	1	15	11	4	2	13	5	6	7	8	10	9
2	14	1	12	3	11	5	9	4	6	8	7	10	13	15
Due dates: 
631	
515	
599	
491	
489	
564	
436	
369	
538	
561	
530	
513	
546	
668	
663	
