15	15
Processing times: 
19	80	88	83	30	65	1	96	49	92	9	64	81	54	32
83	79	4	84	92	38	76	68	66	38	96	99	68	21	51
75	55	59	66	96	58	24	24	46	56	88	82	80	35	57
76	30	81	3	98	34	59	81	38	81	39	53	71	69	8
27	96	36	3	14	80	99	9	34	95	27	90	42	85	57
61	72	66	81	84	2	92	56	35	73	69	11	23	98	28
76	99	77	37	44	95	36	22	21	89	5	16	5	85	46
99	44	6	87	84	38	41	80	83	49	83	68	61	79	9
77	69	6	5	51	68	99	26	51	82	90	6	1	27	34
4	76	95	76	14	18	52	55	85	33	91	64	34	68	89
51	33	16	11	8	36	1	80	75	90	65	47	40	5	42
41	47	20	38	48	15	16	97	89	10	21	95	97	74	83
65	15	37	24	11	23	6	28	22	28	89	4	88	14	39
4	7	66	48	6	4	14	59	2	1	54	75	5	82	58
50	14	66	16	96	79	23	15	3	4	24	86	63	20	91
Routes of jobs: 
4	7	8	14	5	2	13	11	9	15	1	10	6	3	12
3	13	2	14	4	5	9	15	1	11	8	6	10	12	7
9	15	4	1	11	6	10	14	3	12	7	5	8	2	13
6	14	12	5	15	3	10	9	11	4	7	8	2	1	13
14	6	3	15	2	9	5	4	12	7	8	13	10	1	11
15	12	3	6	9	11	1	5	10	8	14	4	2	7	13
9	13	6	11	8	12	3	14	1	15	7	10	2	5	4
10	8	13	4	7	3	11	14	2	9	15	5	1	6	12
1	5	6	2	12	8	7	3	15	14	9	10	4	11	13
9	12	8	2	15	14	13	5	7	10	11	1	6	3	4
13	5	6	14	7	1	2	8	10	9	12	11	15	3	4
4	15	5	14	6	10	9	1	8	13	7	2	11	12	3
11	9	5	2	3	1	8	15	13	14	10	7	4	12	6
7	3	1	15	2	5	13	4	11	8	9	10	6	14	12
11	3	10	14	6	1	7	8	2	15	12	5	13	4	9
Due dates: 
612	
699	
654	
596	
576	
617	
546	
661	
502	
620	
435	
574	
358	
352	
472	
