15	15
Processing times: 
75	96	99	65	59	16	71	24	65	95	84	23	40	76	52
38	88	37	68	94	2	38	93	57	13	52	71	35	68	99
97	16	1	46	79	62	87	87	54	37	14	2	96	30	51
8	78	76	70	97	42	16	15	25	72	19	62	81	15	84
21	68	85	79	21	37	68	91	51	30	64	73	71	50	3
72	98	2	83	14	86	29	1	6	33	33	59	98	31	50
80	47	71	10	33	53	99	78	96	70	21	80	56	92	1
38	46	16	29	38	89	10	65	30	90	85	73	88	47	48
9	37	9	41	8	83	49	23	15	61	1	60	78	35	39
60	51	49	10	37	75	47	73	11	79	26	37	1	84	46
48	43	24	49	22	73	68	69	33	39	21	94	61	3	2
50	77	86	73	19	23	81	21	22	16	11	52	46	64	75
85	22	60	32	68	92	23	32	30	14	13	90	21	80	45
75	95	3	96	52	12	33	73	59	90	12	6	29	83	57
54	40	70	29	48	18	50	94	70	43	42	75	27	12	1
Routes of jobs: 
13	2	5	10	14	1	12	9	4	6	7	15	11	3	8
6	2	15	11	14	10	7	13	9	3	8	1	4	5	12
7	4	11	8	14	5	6	10	9	3	1	2	12	15	13
11	8	6	1	10	14	3	9	2	15	12	4	13	7	5
7	13	15	2	8	6	12	1	3	4	9	14	5	10	11
5	8	7	1	9	14	13	15	4	3	6	10	11	2	12
11	12	7	10	1	3	2	9	13	8	6	4	14	15	5
4	11	6	7	9	5	1	15	3	8	10	12	13	2	14
2	3	7	8	11	13	15	9	1	4	14	6	5	10	12
13	8	7	15	4	5	1	14	11	9	12	10	6	3	2
5	4	9	15	3	14	6	7	11	13	8	12	2	10	1
7	13	8	6	3	5	14	12	9	1	11	4	2	10	15
13	14	9	8	2	7	1	6	10	11	5	3	15	4	12
13	2	5	9	7	11	8	4	1	6	14	3	10	15	12
8	6	1	11	3	4	10	7	12	9	2	5	15	13	14
Due dates: 
682	
619	
551	
551	
589	
504	
644	
575	
398	
498	
471	
520	
513	
562	
488	
