15	15
Processing times: 
70	85	50	72	33	88	42	51	46	61	27	70	56	25	31
79	19	61	43	19	47	56	91	40	84	65	79	30	67	68
60	8	91	7	82	44	7	94	2	76	85	95	72	36	2
40	94	19	19	41	84	58	88	25	98	74	67	96	34	74
30	45	71	28	17	29	8	42	32	4	43	60	25	93	79
84	93	56	15	77	55	40	54	31	4	39	84	46	15	66
47	7	11	72	38	63	22	91	68	62	22	17	77	47	65
53	53	60	83	21	42	25	12	32	29	56	84	52	60	22
4	24	54	68	28	95	57	48	92	85	26	84	47	19	70
41	37	36	64	13	41	30	32	94	74	65	6	34	44	53
13	94	60	89	23	46	28	37	72	9	85	62	79	18	11
74	43	97	11	61	70	78	62	42	26	60	62	8	40	21
22	63	54	12	9	42	9	41	98	92	8	2	63	76	32
47	92	52	11	4	67	56	87	1	82	7	8	35	91	39
24	95	24	60	14	57	4	22	69	30	64	44	14	61	34
Routes of jobs: 
4	8	7	15	10	9	6	5	11	2	1	13	12	3	14
2	12	1	6	9	14	4	11	10	3	13	7	5	8	15
8	4	9	12	1	5	10	14	2	11	7	6	15	13	3
7	12	6	14	4	3	2	5	10	13	9	1	15	8	11
2	12	7	6	9	8	13	10	3	15	14	4	1	5	11
12	3	13	2	15	1	7	10	4	14	8	11	5	6	9
15	8	12	1	13	9	10	11	4	14	5	2	3	7	6
8	5	14	6	15	12	3	13	7	2	1	11	10	4	9
8	5	15	11	4	1	14	9	2	3	7	13	12	10	6
3	13	11	4	7	6	15	10	14	5	1	12	8	9	2
12	10	4	8	7	5	1	3	6	2	11	9	14	13	15
1	5	2	10	3	12	14	11	8	7	9	13	15	4	6
7	1	5	11	3	15	10	14	12	13	2	9	6	4	8
6	11	14	3	8	5	9	7	10	1	13	12	2	15	4
12	3	1	5	15	6	10	11	7	13	9	2	8	4	14
Due dates: 
586	
615	
552	
661	
440	
551	
515	
496	
581	
482	
527	
548	
452	
493	
447	
