15	15
Processing times: 
18	57	5	28	43	71	12	96	26	71	63	91	23	27	16
81	45	73	23	60	95	55	73	32	5	92	44	20	79	72
24	79	26	29	93	66	63	63	93	10	97	69	27	66	8
87	16	3	2	28	4	68	23	32	71	67	74	80	54	68
27	81	96	10	98	65	75	57	46	2	93	41	11	87	43
92	27	7	66	13	95	92	88	91	36	13	87	67	5	66
82	33	78	2	90	4	67	93	94	42	85	70	12	76	5
5	83	44	83	79	44	45	78	60	42	24	3	59	29	41
55	55	84	73	74	20	6	19	37	63	55	62	40	54	66
70	7	64	27	90	6	59	30	35	77	37	59	25	6	1
88	4	10	52	53	44	35	6	16	99	89	99	38	38	51
28	80	38	60	34	66	44	11	35	39	40	29	49	51	76
40	15	16	41	39	64	93	97	25	81	32	61	40	85	31
61	24	76	23	21	79	55	91	8	79	22	68	99	9	92
63	48	30	45	58	28	67	64	80	93	23	29	55	48	80
Routes of jobs: 
8	13	6	9	4	15	14	10	1	2	5	3	7	12	11
9	1	6	14	7	2	5	3	4	12	11	13	10	15	8
7	9	8	2	10	6	13	5	1	3	15	12	4	14	11
13	1	15	8	14	2	7	9	12	3	4	10	6	11	5
9	3	13	12	11	10	5	4	15	6	1	8	7	14	2
14	9	7	12	15	10	13	8	1	2	11	3	6	4	5
5	2	3	14	8	7	1	9	13	15	11	10	6	4	12
5	11	15	4	7	14	12	10	1	6	2	13	9	8	3
8	2	6	5	15	9	1	10	13	4	11	3	14	12	7
4	7	14	5	6	11	3	9	13	12	10	8	15	2	1
2	5	8	3	15	11	13	14	7	6	10	1	4	9	12
1	8	15	14	9	4	7	10	6	13	11	5	2	3	12
15	11	1	9	13	14	5	12	2	4	7	6	3	10	8
14	5	9	7	6	3	10	1	12	13	2	4	15	8	11
15	3	7	5	4	12	2	6	8	1	9	11	10	13	14
Due dates: 
470	
616	
590	
491	
604	
613	
604	
522	
554	
430	
524	
493	
551	
586	
588	
