15	20
Processing times: 
58	90	76	90	74	68	87	35	77	63	28	17	60	26	64
88	71	24	42	37	5	97	62	79	71	47	86	87	20	47
3	42	67	76	25	2	46	38	28	23	76	89	94	66	98
36	32	55	87	19	37	18	45	96	3	79	6	15	9	12
41	17	43	77	66	71	46	52	71	21	37	73	22	88	59
6	29	54	12	79	78	16	4	60	22	21	19	27	87	41
64	74	68	39	92	22	60	37	10	47	15	82	29	96	68
74	9	94	60	77	28	71	59	3	74	98	21	19	19	57
93	66	90	13	76	6	56	69	38	63	2	53	7	58	60
90	74	20	51	34	85	67	60	94	50	33	75	28	4	46
23	35	14	12	21	37	12	85	88	11	88	76	87	98	33
97	73	71	16	2	91	3	89	15	30	65	98	19	89	71
79	32	61	76	78	31	84	34	59	88	50	25	71	86	75
59	67	65	9	11	24	96	61	38	93	74	25	41	69	68
21	71	91	5	52	77	86	72	72	68	45	25	65	50	68
37	27	23	26	2	36	20	65	61	27	35	50	45	80	19
5	57	70	95	46	36	88	42	49	23	63	77	47	88	7
29	64	23	42	33	65	92	80	49	3	83	20	63	78	85
67	47	48	57	84	63	48	70	85	93	1	63	87	29	90
80	14	41	73	22	93	6	81	19	62	62	85	25	70	10
Routes of jobs: 
3	12	1	14	2	9	10	7	5	8	13	4	15	6	11
6	9	10	4	2	14	12	1	15	8	5	13	11	7	3
6	3	9	15	14	2	7	10	13	5	12	1	8	4	11
9	11	5	1	4	12	14	7	2	6	3	10	13	15	8
9	12	2	1	6	14	3	15	11	13	10	4	5	7	8
12	4	14	10	15	2	1	8	5	6	11	13	7	3	9
14	4	12	11	6	13	1	5	15	7	8	9	10	3	2
6	9	7	8	3	4	11	5	2	15	12	10	14	1	13
13	9	10	8	4	7	12	14	11	1	3	6	2	5	15
6	15	12	5	11	9	10	3	14	13	8	2	1	4	7
11	10	2	13	3	8	4	5	1	6	7	9	14	15	12
10	8	6	7	1	15	2	4	9	12	3	13	11	14	5
3	14	13	4	10	2	6	11	12	7	1	8	9	15	5
4	1	10	14	9	3	7	2	11	13	8	15	5	6	12
7	6	1	14	9	15	3	8	13	5	11	4	2	10	12
7	9	1	8	5	2	12	11	14	15	13	3	10	4	6
14	3	2	9	4	13	7	15	12	10	6	8	5	11	1
14	8	6	12	5	7	11	15	3	10	1	4	9	13	2
10	3	11	12	8	2	15	4	7	9	6	5	13	1	14
14	5	12	13	8	1	6	2	9	15	10	3	4	11	7
Due dates: 
731	
691	
619	
440	
628	
444	
643	
611	
600	
649	
576	
664	
744	
640	
695	
443	
635	
648	
746	
595	
