15	20
Processing times: 
81	48	55	8	21	66	11	7	59	8	80	59	91	5	64
46	68	15	23	76	82	80	5	76	51	48	9	40	51	86
23	26	33	20	55	70	84	84	70	54	31	39	97	42	33
77	60	11	3	82	14	21	22	82	92	89	36	52	85	3
87	36	81	96	33	11	89	91	83	24	13	26	15	59	99
41	7	51	95	87	1	45	99	55	77	89	74	91	67	20
35	34	99	33	71	9	27	28	77	2	68	85	18	47	92
20	33	58	86	92	84	1	66	80	28	96	37	76	97	68
95	49	25	11	18	90	38	17	36	61	33	17	62	57	73
57	77	42	65	89	96	44	82	43	64	68	38	87	76	84
54	13	64	15	16	53	84	48	94	66	57	93	63	8	62
67	67	46	42	16	83	76	5	26	46	70	29	29	83	21
74	54	16	58	45	49	50	14	35	41	42	96	69	8	9
71	48	11	45	27	31	90	69	85	20	18	29	92	17	86
24	71	41	5	24	50	8	75	42	54	34	93	80	35	82
63	4	85	53	61	54	16	18	5	43	24	88	67	79	41
17	37	56	70	56	24	95	12	96	27	55	36	41	65	23
79	6	89	69	16	56	81	98	12	19	88	3	36	67	74
38	76	47	21	80	97	35	45	74	92	98	54	91	79	46
34	56	26	62	82	38	89	33	50	62	39	63	88	13	42
Routes of jobs: 
3	6	2	9	4	5	15	8	11	14	12	10	13	7	1
15	9	13	5	12	4	7	10	1	11	2	14	3	8	6
8	13	2	9	3	11	4	12	14	15	6	7	1	10	5
2	9	6	12	8	7	4	3	5	10	13	14	1	15	11
9	5	13	2	4	15	3	10	14	7	6	11	12	8	1
3	15	11	8	4	1	2	14	10	7	12	13	5	6	9
1	5	14	2	9	11	12	7	10	3	6	13	8	4	15
13	3	12	10	9	11	14	5	6	15	7	4	2	8	1
8	4	5	6	14	1	12	11	10	2	9	7	13	15	3
8	15	13	7	6	10	11	1	4	5	3	2	9	14	12
1	10	14	8	7	4	12	9	11	5	3	2	15	13	6
15	11	4	13	6	8	5	7	2	3	1	14	10	12	9
12	11	6	2	4	14	10	8	9	15	1	3	7	13	5
8	7	14	11	4	2	6	12	5	9	1	13	10	3	15
3	5	15	6	1	8	11	13	2	10	4	9	7	14	12
6	15	13	8	4	14	1	10	11	7	2	3	9	5	12
15	9	2	11	12	13	8	1	4	3	10	14	6	7	5
6	3	11	4	13	5	7	12	1	14	9	15	8	2	10
1	10	11	5	3	7	14	2	4	15	8	9	6	13	12
3	13	10	9	5	7	11	15	8	6	2	12	4	1	14
Due dates: 
531	
605	
609	
584	
675	
720	
580	
738	
546	
810	
632	
565	
528	
592	
575	
561	
568	
635	
779	
622	
