15	20
Processing times: 
33	29	39	92	86	36	40	3	57	55	80	95	72	31	72
20	68	71	97	95	35	49	56	52	56	83	90	94	58	32
31	85	63	5	24	16	23	89	98	97	5	65	75	50	19
94	58	63	42	36	80	38	41	73	3	34	75	79	8	60
54	94	71	7	86	86	26	59	69	65	43	99	35	86	99
22	58	74	70	70	82	30	43	37	53	50	9	98	90	94
31	61	17	64	97	5	39	63	71	15	2	67	65	68	93
90	62	92	32	81	36	65	10	21	5	5	63	49	7	85
77	9	52	69	63	37	4	66	67	82	49	24	62	66	31
73	73	18	87	73	43	8	20	13	13	64	69	97	67	28
13	42	55	58	72	30	18	17	72	80	85	66	17	64	28
82	56	49	23	66	79	30	72	57	36	27	17	4	87	87
16	53	43	69	49	6	18	78	78	62	62	20	66	17	4
85	5	12	57	55	61	23	69	59	34	36	89	16	82	50
85	96	19	88	52	9	9	22	29	29	71	68	10	65	3
23	34	73	34	85	40	73	15	51	91	1	43	7	63	7
18	62	97	49	4	71	68	51	42	40	32	92	11	46	99
1	93	46	12	11	82	56	39	84	43	77	22	23	47	43
98	38	92	72	78	70	47	32	84	84	63	95	59	26	14
80	53	72	9	89	30	35	34	52	87	97	34	73	68	31
Routes of jobs: 
7	9	12	1	15	14	10	6	4	13	11	3	8	5	2
1	10	2	7	6	14	12	9	4	5	13	15	8	3	11
9	4	10	2	1	11	6	15	13	14	7	3	8	12	5
6	2	8	11	1	3	14	12	15	4	7	10	9	13	5
3	10	7	8	1	9	14	6	11	4	13	5	15	2	12
6	4	10	3	2	5	11	9	14	1	12	13	7	15	8
9	8	13	10	7	15	5	12	6	2	4	14	11	1	3
14	8	7	12	3	1	15	5	4	2	11	9	10	13	6
2	15	1	11	12	9	8	6	10	4	5	7	13	3	14
14	2	4	15	6	10	3	1	12	8	13	5	11	7	9
11	6	10	14	7	9	12	5	15	1	8	3	13	2	4
14	10	15	11	4	8	3	6	7	12	9	2	1	13	5
6	10	8	9	11	14	3	7	2	1	13	12	4	5	15
10	12	7	8	3	9	15	4	1	13	5	14	6	2	11
11	3	2	6	1	4	15	12	5	9	10	8	13	7	14
13	15	1	3	11	6	14	4	8	12	2	10	7	9	5
9	7	13	5	14	11	6	8	10	1	2	15	4	3	12
15	6	13	5	2	14	7	3	9	8	11	12	10	4	1
8	3	7	4	9	15	6	10	5	14	1	12	13	2	11
11	8	14	5	6	4	7	2	9	1	13	12	10	15	3
Due dates: 
656	
765	
596	
628	
784	
704	
607	
563	
607	
597	
574	
618	
513	
587	
524	
512	
626	
544	
762	
676	
