15	20
Processing times: 
55	70	46	7	14	33	6	14	57	18	29	92	62	66	55
30	84	1	19	80	81	10	75	98	53	73	15	62	97	63
74	42	6	24	70	90	61	61	38	11	78	60	35	60	1
84	71	66	86	3	27	13	57	72	17	27	98	76	90	84
50	55	42	14	76	6	24	35	80	12	58	26	33	38	38
85	13	87	84	1	18	25	2	77	59	54	29	19	63	51
4	68	88	83	68	19	55	22	71	39	11	19	68	37	80
97	3	19	2	43	38	56	33	98	90	76	1	11	76	83
40	19	23	74	99	43	75	88	65	40	48	39	56	39	25
97	71	54	74	9	29	98	46	25	74	23	85	65	12	66
74	3	76	40	90	93	12	67	52	67	71	81	20	24	16
16	27	46	95	85	85	1	67	59	67	79	26	13	56	64
62	64	66	26	35	7	1	56	8	42	94	32	60	94	29
21	3	1	93	7	53	58	88	25	40	82	55	19	30	75
51	77	66	48	78	38	98	88	38	61	25	41	93	14	16
33	23	7	60	74	54	2	22	32	15	79	83	69	41	19
61	26	66	85	34	15	59	75	3	80	39	69	6	73	65
96	6	52	22	35	79	16	72	29	26	52	58	57	31	74
42	79	84	25	70	90	8	60	81	88	11	71	61	49	81
52	3	57	66	88	42	23	72	97	91	50	43	82	62	27
Routes of jobs: 
2	7	11	15	8	6	14	5	4	9	1	10	13	3	12
1	10	4	3	9	6	15	13	7	12	11	8	5	2	14
2	7	3	12	4	5	11	10	13	9	8	6	1	15	14
13	15	9	10	6	4	1	2	14	11	7	12	5	8	3
15	11	9	7	1	5	6	10	12	4	8	14	2	13	3
9	3	10	13	4	1	14	15	6	12	8	2	5	7	11
6	4	9	8	1	13	5	3	15	7	11	12	10	2	14
6	9	13	2	8	5	3	10	7	15	14	1	4	11	12
15	9	8	13	7	11	1	2	12	10	6	5	3	4	14
1	15	3	6	11	5	10	8	12	7	4	14	2	13	9
2	4	12	1	10	6	3	15	7	8	9	13	14	11	5
13	9	4	11	3	1	8	10	15	6	5	2	12	14	7
2	7	15	3	12	5	9	4	14	11	1	10	13	8	6
2	5	10	4	12	15	9	1	14	11	3	7	6	8	13
3	8	4	2	9	5	15	12	13	6	11	1	14	7	10
11	3	5	7	2	10	8	13	4	12	14	15	6	9	1
3	1	6	15	5	7	12	11	9	8	14	2	4	10	13
4	1	12	15	6	11	5	14	10	7	9	2	8	3	13
2	1	8	6	10	9	15	14	3	11	5	4	13	12	7
2	13	15	5	8	10	9	4	7	1	11	3	12	14	6
Due dates: 
500	
673	
569	
697	
470	
534	
586	
581	
619	
663	
629	
629	
541	
520	
666	
491	
605	
564	
720	
684	
