15	20
Processing times: 
14	76	62	25	38	46	57	59	3	31	38	75	13	92	75
5	34	55	11	40	67	35	96	11	21	22	16	77	29	42
35	29	22	98	46	13	70	52	18	59	22	19	31	64	8
27	2	21	11	92	56	19	43	99	97	42	17	23	35	88
39	59	71	52	35	2	12	35	5	39	47	65	82	42	50
64	5	34	48	54	2	60	3	86	63	57	51	45	26	39
99	50	40	54	67	29	34	67	46	30	43	60	71	95	6
3	59	85	82	6	71	48	46	65	62	76	5	18	49	79
87	69	97	89	65	55	52	32	22	81	15	63	82	69	71
81	70	50	52	74	67	24	18	39	77	94	32	59	14	14
53	96	64	18	14	89	18	90	99	35	6	48	81	80	39
93	30	44	74	75	59	12	75	13	26	30	91	93	84	71
39	48	46	7	22	17	55	56	29	26	69	50	55	96	13
53	95	90	14	13	92	24	43	75	8	78	94	57	87	68
83	56	97	93	48	28	18	15	78	40	53	39	51	27	92
47	34	42	28	11	11	30	14	10	4	20	92	19	59	28
69	82	64	40	27	82	27	43	56	17	18	20	98	43	68
84	26	87	61	95	23	88	89	49	84	12	51	3	44	20
43	54	18	72	70	28	20	22	59	36	85	13	73	29	45
7	97	4	22	74	45	62	95	66	14	40	23	79	34	8
Routes of jobs: 
4	12	15	2	11	3	5	8	1	13	6	10	7	14	9
6	1	4	9	5	2	13	15	7	8	11	3	10	14	12
3	4	15	1	10	13	6	5	8	11	9	12	14	2	7
9	11	2	14	4	5	15	10	3	6	12	8	1	7	13
15	9	2	3	11	10	13	5	7	6	1	14	4	12	8
4	11	2	6	7	1	9	8	12	14	3	15	13	10	5
3	11	2	13	9	1	8	7	15	14	5	4	6	10	12
2	1	3	5	8	14	12	4	13	6	7	15	10	9	11
5	6	10	11	8	7	3	2	13	4	14	1	9	15	12
2	5	4	11	15	1	7	14	12	9	6	13	8	10	3
4	11	2	1	10	9	15	7	5	8	3	13	6	12	14
3	8	7	9	4	6	15	5	2	1	10	11	14	12	13
1	8	15	9	13	11	10	4	7	2	5	3	12	14	6
13	4	10	5	2	1	11	7	6	3	15	14	8	9	12
4	15	7	6	14	10	2	1	13	8	3	5	11	9	12
6	15	7	13	9	3	5	10	12	14	4	2	8	1	11
4	8	11	15	1	9	2	12	6	14	5	13	7	10	3
11	9	3	12	14	7	15	4	10	8	5	6	13	1	2
4	3	13	14	2	7	15	6	5	9	10	12	1	11	8
12	15	6	7	11	10	14	2	5	9	1	4	13	3	8
Due dates: 
564	
449	
469	
538	
508	
510	
633	
604	
760	
612	
664	
696	
503	
713	
655	
360	
604	
653	
534	
536	
