15	20
Processing times: 
44	87	48	95	44	79	49	15	40	59	88	75	89	43	11
32	15	79	46	44	4	56	76	6	44	5	1	18	92	40
45	78	4	76	49	51	80	82	61	53	36	26	94	49	36
19	3	88	5	85	38	18	69	28	66	70	58	10	34	87
11	2	83	42	26	24	7	89	39	13	75	39	10	61	78
40	42	49	6	3	88	36	80	98	11	15	62	13	92	59
32	76	53	70	81	31	75	7	48	1	78	1	82	12	83
49	80	84	68	9	57	77	75	41	64	15	11	82	13	50
54	9	26	80	88	39	49	48	18	50	77	64	97	27	99
78	26	82	27	87	75	31	12	47	66	85	49	86	25	68
28	75	72	76	52	26	74	51	98	73	60	93	3	87	1
86	13	67	5	14	58	28	27	33	94	32	79	14	70	38
69	83	46	89	8	67	84	18	91	85	8	22	20	4	25
20	43	30	78	64	3	10	12	43	25	18	32	49	65	53
23	53	86	68	29	1	49	71	99	65	7	50	91	99	89
13	19	31	94	78	43	16	56	76	1	11	24	13	62	55
43	24	85	20	6	44	49	41	67	47	25	86	6	6	30
68	92	15	80	29	72	22	41	49	36	97	80	23	77	4
51	34	10	96	74	80	65	75	14	83	13	78	61	43	58
69	56	15	89	22	21	89	16	59	83	20	33	11	67	90
Routes of jobs: 
8	13	7	4	9	6	1	10	2	11	3	5	14	15	12
9	4	13	6	7	10	2	15	5	3	12	1	11	14	8
2	1	9	5	12	15	13	7	14	10	3	6	8	11	4
12	14	11	1	5	8	15	6	4	3	10	2	13	9	7
15	7	3	11	12	6	13	10	4	2	14	5	1	8	9
8	6	13	14	10	12	2	5	4	7	3	9	1	15	11
15	14	9	10	2	1	12	5	3	4	11	7	8	13	6
8	14	5	12	1	11	6	3	7	2	9	13	4	10	15
6	12	5	2	13	15	14	8	9	7	10	3	1	4	11
10	5	4	9	15	6	7	14	12	11	13	8	2	3	1
12	14	7	6	11	4	13	9	3	5	10	2	1	15	8
12	2	5	8	13	4	6	11	15	3	14	1	7	10	9
2	6	8	13	14	7	12	5	9	4	15	11	1	10	3
5	11	8	9	4	14	1	15	12	13	10	7	2	3	6
9	5	12	14	2	10	1	7	13	6	3	11	4	8	15
14	9	11	6	7	15	12	8	13	1	2	5	10	3	4
6	9	14	12	10	15	11	2	13	7	5	8	4	1	3
3	10	5	1	6	8	9	11	13	12	4	14	7	2	15
2	5	9	11	7	12	10	6	14	1	8	13	4	15	3
2	11	14	13	6	5	7	15	12	8	9	3	10	1	4
Due dates: 
693	
447	
656	
543	
480	
556	
584	
620	
660	
676	
696	
527	
576	
436	
704	
474	
464	
628	
668	
592	
