15	15
Processing times: 
14	85	78	70	93	90	36	79	35	95	49	1	53	14	65
71	12	83	63	29	54	22	93	41	16	85	52	30	62	45
24	37	98	92	86	60	57	69	71	81	60	43	50	66	2
30	94	44	51	52	57	6	16	35	14	1	93	25	59	95
32	95	50	75	69	38	11	78	96	4	39	63	95	98	2
99	13	28	33	88	47	23	73	49	43	57	7	72	21	38
52	67	3	31	64	2	25	16	18	83	80	90	93	64	91
5	54	17	5	37	95	30	63	68	46	42	22	54	23	89
51	18	26	18	59	72	87	62	44	60	15	55	40	3	35
91	59	27	19	33	30	14	11	55	24	88	67	77	29	11
67	49	19	38	50	88	32	99	2	94	83	29	37	70	58
12	7	84	93	1	82	7	58	60	16	83	69	81	3	8
4	44	4	74	5	60	8	9	78	78	50	94	75	92	81
88	32	68	45	82	22	55	51	10	99	84	44	31	31	75
28	67	64	12	74	17	46	65	96	42	95	56	86	35	93
Routes of jobs: 
9	3	8	15	13	1	5	4	14	6	10	11	7	2	12
3	9	7	5	12	1	10	8	6	4	2	11	14	15	13
6	12	9	15	13	2	5	10	11	7	14	1	3	4	8
10	14	9	7	13	6	11	3	2	1	15	12	4	5	8
9	11	4	14	15	6	5	1	13	12	10	7	3	2	8
8	3	10	6	11	5	4	2	12	9	7	15	14	1	13
3	11	2	13	15	4	1	5	10	6	12	14	8	9	7
14	7	12	13	9	8	15	6	4	5	1	11	3	2	10
9	5	7	8	1	12	14	13	3	4	11	2	6	15	10
3	7	13	10	9	12	2	4	14	5	11	6	1	8	15
1	10	5	9	11	3	12	13	15	7	4	8	6	2	14
9	2	13	6	8	11	10	5	12	7	14	3	15	1	4
14	15	3	10	8	9	13	5	11	7	2	1	6	12	4
2	1	13	3	14	9	4	15	5	8	7	10	12	11	6
4	14	3	6	10	7	8	5	9	1	13	11	15	2	12
Due dates: 
622	
550	
650	
488	
613	
501	
565	
472	
468	
461	
591	
482	
549	
593	
636	
