15	20
Processing times: 
87	41	95	1	14	17	22	67	4	63	80	17	91	30	85
9	8	77	12	24	77	71	6	76	95	77	6	8	64	13
99	30	3	92	54	58	12	7	23	27	78	88	66	33	96
2	3	32	78	22	65	25	24	31	19	30	9	49	30	45
16	44	26	84	41	85	35	76	61	97	96	2	13	37	51
52	97	13	85	81	59	22	85	55	95	64	65	52	2	8
4	26	94	63	98	32	13	28	2	97	14	64	20	23	62
38	96	63	98	56	27	94	6	1	63	77	28	56	41	81
37	88	8	11	72	63	13	64	98	99	57	96	89	96	28
60	82	87	71	72	85	17	14	33	80	66	27	44	63	2
42	20	65	90	61	86	47	11	65	10	9	47	96	5	17
66	89	90	37	8	98	91	37	99	17	40	16	8	87	33
65	10	99	13	30	22	39	56	25	2	44	25	12	44	62
37	45	90	69	84	54	50	62	30	64	52	35	70	38	2
50	16	46	58	82	12	2	30	73	10	16	48	21	40	37
76	40	21	91	48	6	91	75	79	51	51	81	70	65	19
49	5	59	40	74	70	84	47	25	86	75	26	51	32	15
11	18	6	60	83	64	85	21	52	49	30	56	31	25	31
83	42	11	64	44	90	8	35	72	67	72	55	43	88	35
19	53	80	89	21	34	56	89	50	28	15	27	74	83	79
Routes of jobs: 
13	12	9	10	8	14	1	11	3	5	6	7	4	15	2
3	6	1	11	5	2	14	12	4	15	7	9	10	13	8
4	3	7	10	6	13	1	14	8	11	15	2	5	9	12
10	15	6	8	14	11	13	3	4	9	2	7	12	1	5
4	9	7	2	14	1	10	6	15	3	13	8	5	12	11
4	9	14	12	13	2	5	15	7	6	10	1	8	11	3
12	3	1	7	5	2	6	13	10	8	4	9	14	11	15
13	4	5	12	9	2	6	1	14	7	11	10	3	15	8
6	9	8	1	13	14	2	7	5	15	11	10	4	3	12
7	4	10	9	3	2	13	8	6	15	1	5	12	14	11
7	1	5	15	9	14	13	12	11	2	10	8	6	4	3
1	7	5	4	9	3	12	2	10	6	14	13	11	15	8
3	10	6	13	4	15	5	14	12	8	2	11	9	7	1
12	8	11	5	9	15	7	4	10	6	2	14	3	13	1
9	14	11	13	1	10	3	7	12	2	4	15	6	8	5
15	8	12	7	11	10	3	1	2	13	9	4	5	14	6
9	14	8	10	12	13	6	5	3	4	15	7	1	11	2
9	15	6	12	2	1	8	4	13	3	10	11	14	7	5
9	7	2	12	8	13	15	11	1	10	4	5	6	14	3
14	2	5	1	6	8	4	7	13	9	12	3	11	15	10
Due dates: 
572	
499	
613	
372	
612	
668	
512	
660	
736	
643	
537	
653	
439	
626	
433	
692	
591	
498	
648	
638	
