15	20
Processing times: 
69	30	83	17	90	88	30	63	56	42	9	20	22	25	75
72	59	16	79	20	56	35	52	35	66	14	39	15	60	2
70	14	49	49	55	30	92	40	81	31	50	13	77	70	5
64	21	48	8	30	60	52	37	25	93	21	29	63	24	10
48	22	4	89	10	23	32	30	45	59	60	42	37	77	15
23	14	13	44	10	57	27	95	29	30	45	98	42	68	61
51	55	86	23	21	55	50	9	48	22	50	25	55	87	47
33	73	37	59	18	11	20	43	65	87	84	31	92	34	26
94	89	20	9	21	55	11	97	91	34	96	11	61	28	92
35	74	87	10	18	80	12	6	5	22	86	58	95	64	86
82	79	7	74	14	20	60	20	32	47	68	54	6	46	6
26	1	86	33	16	99	50	20	35	25	98	55	87	23	78
34	65	14	77	38	48	66	13	85	58	52	35	47	33	71
18	31	85	32	15	81	68	83	78	86	12	38	10	80	44
28	41	34	39	8	16	60	56	24	52	39	69	37	57	58
76	87	91	13	4	32	58	62	83	48	41	36	68	28	12
1	67	98	41	84	34	86	75	93	83	66	93	47	58	64
61	49	35	92	84	57	31	50	53	11	74	8	14	12	50
19	89	67	10	75	49	75	66	37	77	94	60	38	52	61
29	73	62	19	99	95	2	39	70	90	10	60	21	40	17
Routes of jobs: 
9	14	4	8	11	7	15	13	10	3	1	5	6	12	2
12	5	7	4	9	10	13	6	14	1	8	11	15	3	2
15	10	5	1	3	14	7	8	12	2	4	6	11	13	9
1	13	11	2	12	15	9	6	10	14	3	7	4	5	8
3	7	5	14	9	13	4	11	10	12	1	8	2	6	15
2	5	14	8	13	9	4	1	15	6	11	12	10	7	3
7	13	4	12	1	2	8	14	5	9	6	10	15	11	3
6	8	15	12	5	4	11	1	2	7	14	13	9	10	3
4	3	7	5	12	11	1	9	15	8	14	6	2	10	13
4	12	15	11	3	5	2	14	7	10	6	9	13	8	1
10	11	7	8	5	13	6	15	14	2	9	1	3	4	12
8	6	12	15	9	1	14	13	3	10	11	2	5	4	7
12	1	7	13	6	11	14	4	5	2	10	15	3	9	8
3	10	5	7	4	8	14	6	13	11	2	12	9	15	1
7	15	6	9	14	5	2	4	1	8	13	3	11	12	10
11	15	9	8	7	6	2	14	12	3	4	10	13	1	5
6	12	2	5	8	7	15	14	9	13	4	3	1	10	11
5	15	3	7	1	12	8	14	10	2	6	4	9	11	13
8	15	11	2	6	10	3	5	1	12	14	4	7	13	9
12	14	8	9	7	1	6	5	11	2	4	3	10	13	15
Due dates: 
576	
496	
581	
468	
475	
525	
548	
571	
648	
591	
492	
586	
589	
609	
495	
592	
792	
545	
696	
581	
