15	20
Processing times: 
13	22	41	90	71	59	13	46	78	42	89	97	62	69	48
74	87	17	24	44	1	89	77	60	56	35	3	29	92	12
57	55	6	57	94	25	57	89	73	36	47	46	21	2	67
39	1	37	84	74	80	50	70	25	40	44	27	65	52	12
13	96	91	74	39	14	15	72	57	25	46	8	31	69	13
63	36	95	85	33	50	68	16	40	32	10	1	2	22	32
30	88	98	52	64	10	76	25	29	43	34	35	21	15	45
87	92	43	19	54	85	13	2	21	14	78	6	85	61	86
64	21	73	58	14	47	67	77	16	33	29	10	99	47	8
51	68	93	86	84	28	63	46	26	99	6	55	52	83	55
36	15	19	18	69	60	43	97	32	36	13	79	23	14	48
72	68	68	63	49	18	50	28	13	12	52	68	10	90	36
67	31	41	40	47	16	6	58	76	73	37	75	73	23	5
4	62	52	21	29	6	13	58	93	44	82	93	58	20	90
93	24	47	71	77	10	40	56	63	96	98	9	63	66	94
33	18	95	80	87	3	72	18	30	32	93	10	86	58	45
69	83	62	77	41	13	8	87	3	65	40	11	32	71	86
21	77	76	77	61	82	76	42	6	88	51	50	29	63	18
87	16	98	27	58	59	69	95	85	80	97	88	11	8	42
25	16	20	67	85	74	48	44	95	28	66	34	25	94	19
Routes of jobs: 
9	2	11	8	10	6	7	4	3	14	5	1	15	12	13
2	10	5	6	1	12	7	8	13	3	15	9	14	11	4
7	3	9	10	4	6	5	13	12	8	11	14	1	15	2
5	10	2	3	14	4	7	1	13	6	11	8	9	12	15
7	8	10	14	12	2	6	1	13	4	15	3	5	9	11
3	13	7	14	9	5	2	15	6	10	11	1	4	8	12
14	3	13	6	12	7	9	5	11	8	2	1	4	10	15
10	9	15	8	4	11	2	13	5	14	12	7	6	1	3
15	4	7	9	13	10	5	6	2	8	1	11	3	12	14
12	5	15	9	14	11	10	1	6	7	3	13	4	2	8
7	3	9	1	4	6	8	11	15	10	12	14	5	2	13
10	2	15	1	14	3	8	9	6	12	5	11	7	4	13
9	12	13	4	8	14	7	2	15	6	10	3	5	1	11
9	13	8	12	4	15	7	11	6	2	3	10	1	5	14
11	14	13	9	4	12	6	15	1	5	3	7	2	10	8
9	7	11	15	2	12	4	6	13	10	3	5	1	8	14
14	3	9	15	8	1	10	7	4	12	11	6	13	2	5
1	14	13	7	8	3	12	15	9	4	5	11	2	6	10
10	7	3	13	1	9	12	5	6	2	8	4	15	11	14
3	9	7	13	15	11	14	6	1	8	12	10	4	5	2
Due dates: 
672	
560	
586	
560	
531	
468	
532	
597	
531	
716	
482	
558	
535	
580	
726	
608	
599	
654	
736	
592	
