20	20
Processing times: 
91	70	79	49	5	9	25	36	81	45	84	80	24	83	39	89	53	9	48	50
97	65	68	91	75	6	32	23	74	42	51	13	21	31	62	66	44	96	26	48
64	78	72	26	4	83	31	59	65	70	49	76	82	68	35	16	55	92	75	64
31	55	8	20	94	85	37	20	58	49	65	32	65	50	30	94	31	37	47	22
11	93	94	95	7	79	98	38	79	9	69	17	21	81	81	38	68	65	2	76
74	69	78	57	75	64	87	7	66	73	8	26	50	93	80	94	85	77	29	29
3	63	71	59	31	2	41	67	59	25	49	89	91	33	54	15	44	79	82	50
8	18	21	33	4	72	54	44	56	57	20	23	43	93	20	18	65	93	23	18
51	69	35	12	25	89	35	34	58	54	92	4	25	74	78	33	81	72	10	89
33	75	67	65	66	93	77	22	87	98	45	33	75	44	67	37	66	44	49	84
17	54	24	34	69	92	47	80	29	72	68	84	34	92	96	75	94	26	25	84
66	22	72	75	81	74	97	30	67	71	79	99	43	44	75	50	11	61	47	54
23	13	19	66	99	91	90	49	58	70	26	19	45	75	82	38	35	82	92	72
33	39	18	44	40	69	91	9	73	10	1	26	33	74	89	11	41	82	96	2
25	21	98	4	85	14	94	2	1	67	32	72	25	84	57	92	41	42	89	91
16	98	13	2	41	97	43	29	19	22	22	34	9	87	79	91	52	13	73	50
98	29	36	92	23	25	17	63	41	62	5	90	42	8	91	66	19	61	47	31
40	71	37	75	37	40	32	52	69	78	69	79	48	81	93	61	10	7	61	4
81	10	61	31	16	68	72	7	96	78	27	69	38	40	32	68	90	84	42	52
42	50	75	90	91	87	10	45	17	69	62	2	9	32	7	44	88	78	93	21
Routes of jobs: 
11	10	17	19	18	6	15	3	14	20	13	4	9	5	2	16	1	7	12	8
5	20	6	7	3	8	17	13	10	12	9	14	15	4	2	16	19	18	1	11
11	4	15	1	17	2	3	6	8	16	18	14	20	5	12	13	10	19	9	7
2	9	18	12	1	11	13	6	14	5	7	4	16	8	17	15	10	3	20	19
14	17	19	11	16	5	15	6	20	3	18	1	7	8	4	2	10	13	12	9
6	8	16	20	18	5	13	3	4	19	9	14	1	10	15	11	12	7	2	17
11	4	13	9	10	17	20	7	14	12	18	1	15	19	2	5	16	6	8	3
5	15	19	4	17	8	10	11	18	12	16	1	6	7	20	14	13	2	9	3
9	5	8	6	10	20	4	1	14	15	12	18	17	11	2	3	13	7	19	16
12	20	13	5	19	7	9	14	16	3	1	2	4	18	17	11	6	10	8	15
1	18	2	19	14	13	7	8	3	6	16	11	12	10	20	17	5	15	4	9
1	11	6	9	3	2	16	8	19	4	13	14	10	18	20	12	17	7	15	5
17	14	5	20	19	7	11	6	10	18	2	13	15	9	16	12	4	1	8	3
18	14	5	13	8	1	12	4	3	9	17	19	2	7	15	16	11	20	6	10
13	11	17	6	10	1	7	19	2	3	16	12	15	4	9	8	14	20	18	5
8	2	5	14	17	13	10	4	15	19	1	11	6	18	9	3	20	7	16	12
15	9	19	18	16	20	4	13	17	1	3	2	14	6	11	12	10	8	7	5
9	10	16	8	6	2	1	19	15	3	7	13	18	5	11	20	12	14	17	4
17	5	16	15	9	8	19	20	13	6	7	10	2	3	14	4	1	12	18	11
5	9	3	15	16	7	14	18	13	10	8	6	4	2	1	12	20	11	19	17
Due dates: 
945	
928	
1048	
837	
1009	
1099	
907	
705	
918	
1105	
1077	
1097	
1030	
793	
933	
801	
852	
940	
956	
911	
