15	20
Processing times: 
58	98	12	73	26	45	28	84	45	36	87	30	71	73	95
82	79	56	75	29	57	34	47	22	94	35	14	4	15	23
94	73	63	49	36	66	74	48	60	8	15	91	90	26	39
57	50	7	40	75	1	40	75	41	23	7	35	93	60	72
67	14	53	47	13	33	18	39	65	94	61	15	17	52	16
72	88	54	87	17	82	80	77	36	90	44	37	17	84	54
42	67	31	67	4	33	39	30	86	83	62	67	31	39	62
39	97	46	55	53	65	22	29	13	69	29	69	24	17	26
36	99	80	12	71	51	35	14	70	35	58	73	28	70	12
61	90	59	26	60	49	4	26	94	3	88	34	74	60	91
1	16	9	90	89	97	62	58	95	18	13	73	32	36	19
7	95	72	15	81	19	47	49	96	71	41	73	46	24	63
97	46	19	9	45	70	32	70	15	78	23	86	6	77	62
86	27	76	98	53	59	1	98	12	11	46	98	74	91	98
57	7	17	91	73	14	32	70	32	10	79	19	56	96	73
39	87	11	81	7	79	24	9	58	42	67	27	20	19	67
76	89	64	14	11	14	99	85	81	3	46	47	40	81	27
55	71	5	83	16	4	20	15	60	8	93	33	63	71	29
92	25	8	86	22	79	23	96	24	94	97	17	48	67	47
5	77	74	59	13	57	62	37	54	69	80	35	88	47	98
Routes of jobs: 
8	1	13	5	2	10	3	12	11	15	6	7	14	4	9
5	9	8	4	10	14	13	1	12	11	2	7	6	15	3
2	5	8	14	4	9	11	6	13	15	10	7	3	1	12
6	12	10	13	8	2	7	14	9	3	1	15	4	5	11
5	12	13	2	1	10	7	14	3	15	6	11	4	9	8
3	7	4	9	15	1	5	11	12	2	8	14	13	6	10
5	15	6	11	9	8	7	2	1	13	10	14	12	4	3
8	11	12	15	4	3	5	6	2	13	10	7	14	1	9
15	12	1	14	4	3	2	9	6	8	5	13	7	11	10
1	6	13	2	14	11	10	5	3	9	15	12	8	7	4
5	4	9	13	10	12	3	15	6	8	14	7	11	2	1
10	7	2	1	15	8	14	13	3	12	6	9	11	4	5
5	4	1	15	14	10	8	3	12	9	11	2	7	13	6
13	11	4	7	5	6	1	8	3	9	14	12	15	10	2
15	8	6	9	12	1	3	14	13	5	7	2	11	10	4
7	15	13	3	8	6	9	14	12	10	1	4	5	2	11
10	6	15	11	13	2	5	14	1	12	4	3	8	7	9
10	13	5	15	12	9	1	8	6	4	2	11	7	14	3
13	3	4	15	6	2	7	12	14	10	8	11	9	1	5
4	13	11	6	15	1	10	9	14	7	12	2	8	3	5
Due dates: 
689	
533	
666	
541	
484	
736	
595	
523	
596	
656	
567	
640	
588	
743	
581	
510	
622	
501	
660	
684	
