20	20
Processing times: 
15	57	98	20	94	45	64	9	94	9	47	1	14	87	85	81	93	66	62	59
83	58	78	60	47	7	96	64	39	83	88	68	91	97	44	25	42	3	33	77
22	96	82	66	88	94	27	62	15	65	89	39	60	10	92	53	26	10	66	14
57	70	31	79	51	18	99	33	51	74	96	91	88	78	7	92	8	18	93	83
20	68	4	39	68	6	30	50	54	73	82	23	40	82	54	86	35	21	30	53
94	95	23	27	60	56	99	79	30	32	93	9	36	29	21	78	58	91	76	92
42	52	14	65	31	87	26	78	61	96	29	93	83	30	62	50	16	88	70	42
61	19	73	75	32	37	24	68	20	9	4	87	43	52	54	49	18	66	91	85
7	57	83	3	82	56	96	13	87	30	62	6	7	78	80	62	85	35	99	91
6	17	88	66	5	8	69	60	89	85	13	15	88	41	30	78	59	45	66	82
8	49	32	91	73	90	89	6	35	27	47	28	43	51	8	90	80	75	1	93
33	62	50	60	28	84	97	67	80	34	31	3	20	65	33	69	77	45	58	87
30	7	75	90	75	35	56	96	16	51	17	89	18	28	59	48	17	63	44	21
83	26	68	61	37	20	85	20	34	97	16	9	8	57	5	36	42	87	12	73
63	41	35	97	45	11	12	22	5	86	74	78	33	8	33	9	47	10	44	10
94	5	51	16	23	15	57	55	84	35	96	33	34	50	11	69	60	21	59	12
81	34	40	48	25	4	12	72	42	46	85	16	25	62	8	5	27	67	50	15
20	86	91	28	21	40	24	73	43	68	92	55	97	60	4	25	19	83	38	3
98	12	80	81	96	71	79	49	7	39	46	16	64	99	28	97	46	75	29	32
93	4	86	11	49	13	7	80	47	24	9	92	75	71	8	35	82	34	29	6
Routes of jobs: 
7	2	16	3	20	14	17	19	4	13	15	6	11	8	9	10	1	18	12	5
9	7	11	10	20	2	1	18	3	12	8	14	19	16	5	15	6	4	17	13
2	4	5	13	1	15	8	20	11	12	6	19	14	16	17	9	10	3	18	7
19	16	11	2	20	10	3	13	5	1	14	17	15	12	4	6	9	18	7	8
3	11	13	16	8	15	18	6	9	2	14	1	4	17	5	10	12	19	7	20
1	17	11	10	18	9	6	4	20	12	16	3	15	5	13	14	2	7	8	19
12	1	2	20	10	11	9	18	19	17	5	4	13	8	7	16	6	15	3	14
17	4	9	11	19	8	2	15	20	3	13	7	6	12	18	5	14	10	16	1
18	19	16	12	11	13	15	4	2	1	17	10	7	20	8	9	5	3	14	6
10	6	4	3	12	5	17	15	8	14	2	19	9	16	13	7	18	20	1	11
6	10	19	1	4	17	7	2	3	12	16	20	8	9	5	11	13	18	15	14
12	6	10	5	4	16	18	8	19	20	14	2	7	13	11	1	15	17	3	9
16	4	5	8	19	14	20	10	3	11	12	15	7	18	13	17	1	9	2	6
14	11	17	9	5	2	3	20	15	13	19	18	1	6	10	8	7	4	12	16
1	6	5	20	15	9	2	17	16	11	13	3	12	7	8	19	14	4	18	10
12	17	18	11	16	13	1	6	5	9	4	8	14	2	19	10	20	7	15	3
8	9	6	14	20	17	12	2	15	19	11	7	4	16	5	3	1	10	18	13
18	11	16	6	5	15	9	19	14	7	20	4	2	10	12	3	13	17	8	1
15	4	17	1	11	19	5	2	6	20	13	10	12	16	14	8	18	9	7	3
14	11	4	15	2	9	1	17	20	5	7	10	12	6	3	8	18	13	16	19
Due dates: 
990	
1065	
969	
1096	
827	
1061	
1004	
871	
1008	
909	
915	
975	
842	
789	
687	
792	
688	
873	
1030	
770	
