20	20
Processing times: 
92	34	61	94	20	30	51	88	16	67	40	68	53	84	12	16	30	55	61	12
86	89	48	10	29	33	92	47	77	35	21	40	75	75	22	46	9	87	1	2
99	53	91	20	79	39	84	41	21	93	17	97	67	14	22	97	54	8	32	19
9	35	81	45	54	4	32	37	97	2	43	93	41	76	6	10	35	13	97	77
4	33	23	69	95	86	65	20	26	47	58	20	70	38	89	77	67	53	71	87
73	5	33	87	96	89	86	16	33	93	87	68	87	6	98	46	26	67	37	12
74	34	92	30	68	37	2	76	20	84	50	67	3	11	96	37	38	89	80	27
44	73	54	36	99	60	13	80	28	44	27	80	97	69	82	82	33	24	90	42
4	93	79	31	64	83	16	11	62	80	27	24	19	35	57	12	72	4	96	20
28	84	86	85	63	14	16	46	76	89	50	2	86	46	44	79	19	61	60	58
46	3	62	27	19	10	78	10	26	86	97	61	44	75	22	30	92	10	88	22
5	50	16	75	21	80	86	61	20	38	81	3	52	25	83	82	94	51	26	57
27	7	49	26	94	74	82	80	17	14	86	12	6	46	3	82	86	26	27	97
28	46	91	61	67	79	72	49	21	22	2	99	17	34	38	14	42	83	1	61
63	52	80	3	40	1	86	49	53	68	39	62	71	50	70	61	58	43	97	5
51	20	30	24	93	37	72	41	91	31	58	40	86	15	61	53	16	49	25	8
32	85	34	72	57	75	44	5	61	45	19	77	23	89	40	83	86	77	35	77
1	77	34	3	37	70	16	21	53	24	22	60	42	15	32	69	67	33	75	64
1	16	20	83	96	58	55	53	68	88	30	1	5	79	54	66	91	84	55	14
68	19	79	80	49	51	83	64	96	65	9	4	88	84	92	81	92	66	32	21
Routes of jobs: 
4	3	20	12	11	14	17	16	2	1	13	18	19	10	6	8	15	5	9	7
15	13	5	18	8	3	11	16	9	10	4	7	17	14	12	2	1	6	20	19
19	18	1	14	8	2	12	20	6	4	3	17	16	5	9	15	10	13	11	7
18	11	9	13	6	17	15	12	7	2	10	5	20	1	19	16	4	3	14	8
9	13	2	11	14	16	6	18	10	8	19	4	5	1	3	15	20	12	17	7
7	1	10	17	15	19	18	11	3	14	12	8	20	2	9	4	5	16	13	6
13	2	7	15	12	16	4	11	10	20	6	18	3	5	9	19	8	1	14	17
6	13	20	2	9	14	19	10	11	3	18	4	16	7	17	8	1	5	12	15
3	9	4	11	17	16	1	18	8	14	6	15	13	10	20	7	19	12	5	2
18	3	8	20	12	17	14	11	16	2	6	7	9	10	4	13	19	15	1	5
8	13	9	12	17	16	5	4	15	10	20	3	14	18	7	2	11	19	6	1
5	18	12	17	16	19	15	20	7	8	6	11	14	1	4	10	3	9	2	13
9	17	13	3	6	16	11	18	8	14	5	2	1	4	20	10	19	15	12	7
2	9	19	12	18	10	11	17	20	6	13	5	4	7	8	3	15	1	14	16
14	8	5	1	20	3	15	4	12	18	17	11	2	10	13	7	16	9	6	19
16	1	19	17	9	5	6	15	8	18	2	4	11	20	7	3	14	13	10	12
4	12	3	10	16	2	11	8	20	6	9	14	18	7	1	17	15	13	19	5
18	7	12	6	17	5	13	10	19	1	11	15	8	4	16	2	9	20	3	14
6	7	9	13	3	10	17	14	19	2	8	18	1	16	20	4	12	5	15	11
4	16	11	5	19	2	17	10	13	8	12	1	3	20	14	15	18	6	7	9
Due dates: 
886	
832	
943	
799	
989	
1031	
914	
1042	
801	
983	
818	
906	
847	
835	
946	
811	
1005	
734	
916	
1101	
