20	20
Processing times: 
25	30	35	18	34	67	51	52	29	43	49	38	46	20	53	92	29	98	80	96
8	68	68	3	73	89	80	64	43	68	59	30	14	15	98	63	20	88	72	41
16	6	89	90	72	25	32	69	88	63	88	92	55	51	63	7	36	83	71	18
83	86	50	35	79	69	57	40	88	43	42	28	4	73	18	37	25	82	64	58
31	13	96	50	80	76	49	38	90	36	75	72	41	66	45	2	96	29	50	66
87	65	93	15	38	55	49	31	24	89	24	6	45	75	23	44	19	16	72	75
80	58	12	22	85	93	94	54	54	10	92	99	48	79	36	34	2	4	2	33
53	16	20	60	60	68	57	11	71	54	60	36	97	2	65	59	7	19	68	42
57	92	82	62	29	32	60	19	59	12	80	16	84	91	24	43	20	82	99	20
3	82	7	78	78	85	78	53	23	76	99	80	42	30	58	6	13	62	84	22
65	94	92	7	10	33	23	87	78	88	9	94	83	88	85	35	72	6	84	18
44	52	81	9	11	39	28	25	93	43	82	69	48	75	28	44	53	67	33	67
32	25	21	41	44	36	21	72	5	96	19	6	73	46	82	61	58	24	14	30
17	97	8	26	35	87	2	40	28	65	93	42	78	10	91	77	93	56	33	64
17	79	79	24	15	22	73	64	92	59	45	39	3	65	88	73	95	38	11	96
69	83	3	28	93	42	17	17	45	51	47	7	69	40	91	83	82	43	71	59
68	80	9	67	70	30	95	34	84	62	80	69	44	72	78	37	15	39	82	32
98	4	27	37	13	73	92	99	26	12	96	70	89	35	20	8	75	83	98	68
55	65	70	35	38	35	16	97	8	1	34	58	78	75	73	1	9	38	6	51
39	64	4	27	29	90	4	20	21	6	98	32	84	36	94	41	50	34	50	49
Routes of jobs: 
2	19	5	16	17	20	1	11	6	15	14	8	9	7	3	12	4	10	13	18
5	3	4	15	2	1	14	18	19	17	6	11	10	16	20	12	9	7	8	13
2	17	9	19	14	15	7	1	10	16	20	4	13	6	5	12	11	8	3	18
20	4	5	10	2	3	19	9	7	17	14	15	13	6	8	12	16	11	18	1
16	13	2	11	1	20	12	14	3	15	18	7	17	4	8	5	9	10	19	6
4	8	10	1	6	7	15	17	5	3	20	13	14	19	2	12	18	11	9	16
18	4	12	10	5	14	17	9	1	19	2	20	11	6	7	16	15	13	8	3
18	14	17	5	12	8	13	7	9	11	3	19	1	10	16	2	4	6	15	20
1	12	2	19	3	14	10	8	9	16	17	13	15	11	7	18	4	6	5	20
10	4	7	13	1	14	3	2	18	17	19	20	5	12	15	8	16	6	9	11
13	11	17	10	19	8	9	1	7	4	16	2	6	5	18	15	14	20	12	3
7	19	9	5	8	18	1	15	12	20	4	11	10	17	13	6	2	14	3	16
18	5	17	13	20	2	3	19	12	4	11	7	6	8	10	1	9	14	16	15
15	12	2	10	13	8	11	20	3	18	14	17	9	16	6	4	19	1	7	5
5	11	20	19	17	12	6	16	2	8	3	15	14	4	18	1	13	7	10	9
3	4	8	19	15	7	13	1	10	14	5	17	11	6	20	12	18	16	9	2
4	3	16	10	19	12	8	18	17	9	20	14	1	7	5	11	15	2	6	13
5	11	9	2	13	19	18	16	12	20	4	15	14	8	3	10	6	7	1	17
14	16	6	15	4	19	18	11	3	20	7	13	12	17	8	1	5	2	10	9
4	14	19	9	12	10	18	13	17	1	3	15	20	8	11	2	16	5	7	6
Due dates: 
887	
958	
1003	
955	
991	
851	
892	
833	
957	
954	
1036	
892	
726	
938	
970	
936	
1033	
1011	
759	
785	
