20	20
Processing times: 
31	98	32	10	15	50	62	61	40	14	34	30	7	53	81	24	43	60	65	27
45	54	61	20	84	42	66	37	38	87	12	24	69	45	4	72	49	69	17	12
30	49	40	88	92	75	60	18	45	25	74	26	1	68	65	69	95	69	25	34
26	91	91	91	61	14	33	58	99	84	7	77	46	81	49	65	8	42	95	21
12	67	46	54	34	99	52	10	68	60	35	62	99	53	53	59	2	31	87	88
3	44	51	54	40	31	9	8	17	92	69	21	32	84	95	51	33	86	83	1
41	20	45	46	39	51	2	62	45	69	12	6	87	17	19	3	10	93	56	51
44	23	84	9	3	9	59	55	3	22	43	78	82	83	1	11	29	77	10	97
3	16	39	77	55	55	94	65	34	18	84	69	4	90	2	10	27	89	99	94
24	7	85	92	26	6	74	46	28	82	54	85	59	81	49	60	87	4	98	97
28	93	97	30	21	56	92	99	91	51	23	95	94	49	3	38	31	55	22	42
32	66	16	1	8	56	51	97	5	41	45	3	71	81	52	13	88	50	26	65
9	12	59	40	50	40	93	67	29	78	90	83	83	28	25	22	28	90	43	91
30	6	86	87	50	14	13	33	64	91	50	65	49	43	83	19	46	67	77	30
46	69	17	29	39	76	61	69	60	92	42	17	32	58	41	97	76	55	98	96
32	44	4	72	38	98	77	37	65	58	72	60	92	16	88	91	60	84	31	20
20	57	9	63	79	51	68	14	15	93	51	41	37	21	73	15	9	51	80	25
40	32	64	30	6	81	1	97	15	19	36	7	76	50	52	19	62	40	77	50
41	29	39	79	1	7	54	29	79	93	85	54	59	92	65	74	7	35	56	72
84	13	60	82	1	24	68	56	31	87	4	76	58	17	9	44	39	4	54	48
Routes of jobs: 
10	7	3	15	19	14	1	2	11	20	18	17	12	16	8	9	13	5	6	4
11	6	18	20	5	12	10	13	1	8	9	16	2	7	14	15	3	4	17	19
7	9	20	11	15	6	5	18	3	12	16	1	8	4	2	14	10	13	17	19
12	5	18	16	9	14	10	7	17	20	1	8	2	11	19	4	3	6	13	15
12	20	17	1	9	6	3	11	19	14	10	4	13	16	8	5	2	18	7	15
12	10	17	8	7	16	2	20	11	19	9	18	3	15	5	13	14	4	1	6
4	13	3	8	17	15	16	10	20	19	2	6	1	11	12	9	14	7	18	5
19	13	1	10	4	8	17	9	5	18	12	11	6	3	15	16	7	20	2	14
1	18	9	13	7	16	14	2	10	6	12	3	19	4	8	5	17	11	20	15
12	19	6	7	1	11	3	2	16	15	4	13	5	20	17	9	14	8	18	10
14	8	7	18	16	11	3	20	13	12	2	17	9	15	4	1	6	5	10	19
7	20	13	14	6	11	10	19	15	17	8	12	1	3	4	16	5	18	2	9
7	10	11	15	13	6	12	8	3	18	20	5	16	1	2	14	17	4	19	9
12	20	6	8	11	10	16	5	3	15	7	13	1	14	17	18	2	19	4	9
10	20	6	11	5	12	1	7	3	4	8	14	2	19	9	16	17	15	18	13
8	5	7	3	4	19	1	6	2	9	14	18	12	15	20	17	13	16	11	10
16	13	6	3	9	8	15	10	5	4	14	7	17	18	20	2	12	11	19	1
20	14	10	6	7	5	9	4	16	11	3	13	1	2	19	17	15	12	8	18
8	18	6	13	5	15	14	3	19	10	2	12	1	7	17	11	16	9	20	4
9	15	12	19	16	17	20	14	18	2	10	6	7	1	4	5	11	3	8	13
Due dates: 
754	
817	
944	
1026	
964	
814	
697	
740	
922	
1030	
999	
781	
954	
903	
1053	
1026	
785	
769	
945	
774	
