20	20
Processing times: 
38	51	81	2	21	44	99	86	7	65	81	70	88	43	94	72	37	61	38	99
89	17	13	44	70	73	65	80	32	45	83	71	55	91	84	7	90	66	28	50
71	96	64	99	88	10	44	7	27	33	34	90	44	59	30	94	98	43	99	37
4	84	34	9	63	60	97	52	35	97	79	91	4	3	3	66	54	5	9	39
24	78	61	52	59	51	2	92	81	74	96	21	72	4	49	3	51	54	49	24
27	78	82	80	10	96	10	38	91	42	56	77	88	47	73	69	26	16	92	3
77	4	80	38	86	83	54	19	67	99	30	77	31	69	31	74	96	50	68	87
22	77	40	38	83	16	2	55	87	62	69	30	10	58	80	25	47	98	3	19
5	52	17	29	62	98	25	93	25	37	26	69	63	23	58	70	90	92	28	41
65	78	95	17	71	53	14	73	58	66	97	79	97	12	4	68	58	34	69	41
28	35	4	80	83	50	34	90	5	12	27	81	37	63	20	41	23	17	36	86
30	19	88	19	85	75	47	29	59	75	43	58	90	76	6	95	9	10	92	94
36	52	4	73	23	87	50	76	14	32	28	26	87	74	22	47	13	35	64	61
43	12	60	61	95	80	51	59	68	37	95	67	66	98	92	38	22	45	60	41
19	96	26	30	59	25	57	11	69	45	57	40	82	52	85	11	32	91	19	58
1	81	77	26	54	83	61	41	48	27	23	63	82	2	25	32	45	95	56	99
42	47	90	2	96	68	46	35	23	60	66	9	89	68	28	96	46	86	9	75
14	59	79	52	9	73	64	25	73	33	44	90	80	55	10	41	79	31	30	18
52	92	57	92	88	56	74	47	13	91	59	76	81	72	93	25	85	67	35	36
3	59	75	30	91	15	13	34	28	17	87	31	85	53	19	81	89	67	11	66
Routes of jobs: 
8	14	18	7	9	12	5	4	13	19	10	3	1	2	11	17	16	15	6	20
8	18	17	11	1	16	13	2	3	10	19	6	4	7	20	15	5	12	9	14
12	18	20	1	3	5	9	15	11	4	6	13	19	16	2	17	7	8	10	14
3	8	18	13	2	17	14	7	20	4	19	12	6	1	5	15	9	11	16	10
4	6	13	1	11	18	17	3	8	9	10	19	20	5	14	12	2	7	16	15
10	14	7	1	8	19	13	18	20	11	4	5	17	2	16	9	3	12	15	6
8	4	6	18	15	20	9	10	14	12	2	13	17	1	3	19	16	5	11	7
16	17	13	6	5	10	19	4	9	20	18	7	14	12	1	8	15	11	2	3
3	6	7	20	5	19	2	1	9	10	8	13	14	15	18	16	17	4	11	12
20	1	18	15	8	12	9	7	13	5	11	3	17	14	4	10	2	16	19	6
11	5	15	10	20	7	19	1	14	13	17	6	8	9	18	4	2	3	16	12
5	19	13	16	4	9	20	10	6	7	17	15	11	1	3	2	18	14	12	8
5	6	7	8	12	11	1	18	3	10	15	14	2	17	9	20	16	13	4	19
6	1	18	15	9	13	3	10	19	7	20	4	14	8	5	16	12	2	11	17
11	2	16	6	9	5	10	14	15	3	18	7	4	17	20	12	8	19	1	13
2	6	3	17	12	18	15	9	10	19	5	13	16	20	8	1	14	7	11	4
2	19	3	15	6	9	11	7	20	5	14	10	17	8	12	13	16	1	4	18
12	4	15	8	2	14	19	10	20	13	9	16	5	7	17	18	3	11	1	6
11	3	18	8	9	19	14	7	6	17	1	16	2	4	13	12	10	15	20	5
9	17	1	3	12	11	20	18	8	15	4	5	14	16	7	6	2	10	13	19
Due dates: 
1060	
1038	
1051	
800	
898	
991	
1098	
829	
903	
1035	
767	
990	
814	
1071	
868	
919	
973	
864	
1162	
859	
