20	20
Processing times: 
81	13	58	7	8	19	50	33	90	65	68	7	9	50	69	74	91	28	91	53
28	5	37	69	51	55	4	9	99	46	94	91	10	94	10	59	93	58	95	10
70	4	35	74	35	69	12	91	82	46	13	65	87	16	84	79	31	94	34	39
96	94	22	13	15	25	56	40	66	47	23	72	81	67	53	84	17	50	24	79
48	21	32	78	77	62	81	92	88	23	34	21	88	91	78	50	78	10	10	7
71	50	24	9	90	55	90	59	66	83	18	43	87	63	66	6	19	52	25	22
26	29	71	38	72	42	55	80	66	17	32	41	64	35	39	91	61	63	10	27
77	5	85	49	64	18	92	62	57	46	30	93	77	84	85	12	24	11	33	43
30	90	72	75	55	1	87	87	43	31	30	38	52	21	4	57	3	30	25	79
9	20	40	91	39	97	11	27	49	17	47	70	78	40	59	22	2	69	91	67
77	55	34	67	1	64	32	27	26	37	23	3	90	82	94	47	57	77	54	14
49	5	54	13	25	99	53	33	3	32	27	32	85	45	28	86	12	99	35	73
68	47	82	81	98	64	73	63	32	75	16	72	64	77	25	31	12	58	32	84
44	45	73	44	82	99	21	48	39	1	62	79	50	44	89	43	72	17	98	60
87	42	20	30	88	84	44	63	52	25	8	43	87	46	88	74	41	77	88	77
39	23	35	93	43	3	56	45	79	21	49	68	48	7	60	44	75	8	71	20
60	83	7	75	48	99	33	80	16	83	43	99	34	43	34	92	48	94	6	11
73	37	97	97	11	10	58	54	11	30	2	47	37	37	84	24	90	80	89	31
54	8	20	97	42	94	50	36	38	16	52	1	56	31	72	7	32	76	29	68
75	86	29	7	81	37	95	79	29	49	91	16	1	52	46	47	21	31	47	44
Routes of jobs: 
8	5	1	11	18	19	17	16	4	12	6	7	10	20	13	9	15	14	3	2
4	20	18	15	12	2	3	8	17	14	10	6	9	1	19	11	7	5	16	13
16	1	5	9	3	15	19	13	8	6	7	17	18	12	11	14	20	10	2	4
18	8	13	10	1	14	2	15	3	17	11	19	9	5	7	16	20	6	4	12
20	7	6	16	14	5	3	19	4	17	12	15	2	18	9	10	8	11	13	1
15	1	6	19	12	3	13	8	7	14	5	20	16	2	4	11	17	18	10	9
9	15	19	8	7	4	2	12	18	11	16	20	5	3	17	14	10	1	6	13
18	19	14	16	6	9	20	17	1	3	8	4	2	10	12	15	7	11	5	13
12	1	10	19	2	20	17	13	7	11	8	15	16	9	5	14	18	6	3	4
1	9	19	5	14	15	2	8	20	16	17	11	4	7	12	6	13	18	10	3
17	7	4	9	11	2	20	18	1	14	3	5	6	13	10	16	8	19	12	15
5	8	17	11	10	1	19	2	20	9	15	3	14	12	7	6	13	16	4	18
13	14	3	19	10	9	1	11	8	4	16	18	7	17	15	6	5	12	2	20
18	19	6	9	3	5	10	16	8	11	4	13	14	17	15	2	1	7	12	20
13	8	11	3	19	5	20	15	14	4	7	2	6	17	16	9	10	1	12	18
1	4	16	2	17	14	15	8	19	11	6	12	7	20	3	18	9	10	13	5
4	16	2	5	3	12	14	18	19	15	17	1	7	9	13	6	10	20	8	11
3	18	11	2	20	13	7	9	16	15	6	10	4	19	12	14	1	5	17	8
12	4	20	2	16	15	9	7	5	17	1	6	14	11	18	3	19	13	8	10
3	18	10	11	4	6	2	1	17	15	16	13	12	9	19	5	14	20	7	8
Due dates: 
868	
916	
954	
922	
963	
899	
864	
943	
819	
851	
865	
800	
1039	
999	
1048	
799	
980	
900	
792	
867	
