20	20
Processing times: 
93	4	61	13	33	59	57	52	7	7	47	58	60	84	7	74	45	46	83	56
97	48	18	36	64	15	94	20	37	74	42	73	13	96	15	69	71	6	26	5
68	28	78	2	47	71	25	89	87	79	92	94	81	94	67	14	26	36	53	28
9	53	67	30	66	16	52	4	47	20	99	10	9	54	29	65	55	33	10	69
48	85	76	95	81	42	69	91	14	60	33	74	36	14	95	77	17	37	64	68
57	74	22	86	26	22	26	53	36	34	58	83	16	71	89	68	53	80	1	79
11	98	4	18	84	16	26	83	54	88	41	16	17	55	62	67	61	31	3	54
57	70	41	71	15	54	16	99	71	86	27	9	16	14	95	7	83	46	46	40
42	62	75	55	41	53	68	95	30	54	84	57	24	55	28	88	3	83	11	23
68	33	77	92	35	21	89	29	49	53	64	75	33	91	63	4	58	78	47	18
87	56	25	15	88	41	28	43	25	55	49	77	52	55	68	23	80	86	75	94
9	76	9	83	70	46	70	19	49	27	29	8	38	70	77	10	62	68	67	40
72	78	22	11	88	43	21	36	46	67	53	17	12	98	60	22	82	98	97	79
69	77	33	12	54	43	31	60	51	65	3	44	77	32	35	98	18	31	40	10
63	20	50	77	2	72	67	95	84	82	42	39	86	50	81	89	40	42	45	44
18	71	13	40	62	60	88	69	92	80	89	86	89	6	11	56	75	66	46	75
70	83	53	66	70	43	94	57	51	83	80	22	3	82	96	16	60	94	46	38
24	43	44	88	90	6	27	91	72	3	86	71	9	41	37	80	84	16	36	28
68	27	61	17	14	63	66	43	10	74	46	27	46	33	89	5	10	64	67	95
83	51	99	24	97	37	31	77	44	35	34	29	15	88	56	98	39	50	23	88
Routes of jobs: 
11	3	10	4	8	5	19	13	7	15	16	1	6	18	9	14	20	12	17	2
1	15	3	12	9	7	8	16	13	19	2	17	14	20	11	6	5	4	18	10
9	8	2	13	5	19	15	3	16	11	12	17	1	18	10	6	14	20	7	4
11	16	1	7	19	17	10	3	20	6	12	14	9	8	5	18	13	2	4	15
11	19	17	5	6	10	9	4	13	15	18	2	1	12	3	20	16	14	8	7
4	13	10	12	20	15	3	2	11	14	6	9	8	18	17	19	1	16	5	7
3	8	7	20	6	10	12	17	11	9	2	19	5	1	14	4	16	15	13	18
13	8	19	20	6	11	9	15	12	18	1	10	16	7	2	5	4	3	17	14
9	13	8	5	6	11	4	10	1	3	14	12	2	20	15	17	18	16	19	7
18	15	6	11	14	12	10	5	3	8	1	4	7	9	19	2	16	17	20	13
3	18	10	15	2	8	16	4	5	7	6	1	19	12	11	13	17	9	20	14
20	11	10	5	2	8	19	3	16	12	4	9	14	17	7	13	18	6	15	1
1	17	2	13	18	14	9	20	5	4	8	10	19	16	11	7	3	12	6	15
8	13	14	9	18	10	17	11	7	4	15	5	12	20	6	2	19	16	1	3
6	11	2	5	3	7	15	8	12	19	10	14	16	4	1	20	18	17	13	9
5	14	19	4	20	11	15	3	13	2	8	12	6	9	16	7	10	1	17	18
9	16	17	20	6	7	13	3	11	15	1	4	10	14	2	5	12	18	19	8
6	20	12	13	7	4	5	9	2	18	19	3	14	15	16	17	11	8	1	10
8	2	11	19	15	17	6	14	5	20	3	7	1	13	12	16	4	18	9	10
1	10	17	5	3	8	16	14	2	7	20	4	11	9	12	6	19	13	18	15
Due dates: 
852	
828	
1044	
718	
1059	
931	
801	
867	
928	
970	
1010	
835	
992	
795	
1053	
1073	
1087	
879	
833	
989	
