20	20
Processing times: 
69	58	32	20	95	14	99	8	89	42	26	35	87	25	30	51	83	24	59	48
97	73	47	29	44	91	32	38	31	7	34	37	74	8	13	25	79	1	5	6
78	1	44	29	90	33	79	31	44	92	73	79	83	67	35	21	68	27	82	37
74	5	14	5	76	77	84	11	58	63	50	20	8	13	20	34	56	32	85	1
9	72	51	26	24	13	91	45	79	96	12	40	78	31	38	83	72	71	5	91
98	82	61	65	51	83	5	28	8	82	9	35	93	77	82	66	56	22	83	83
75	37	93	98	53	68	91	11	21	15	68	57	10	83	78	35	15	38	88	56
32	98	33	79	45	34	78	72	19	59	77	3	88	78	2	19	67	26	97	28
26	67	95	59	85	80	9	99	32	95	28	68	44	84	70	49	17	46	70	98
58	66	60	92	51	26	96	11	51	90	58	76	62	98	6	17	94	65	27	17
9	92	27	13	6	2	66	92	37	71	63	8	21	5	50	11	78	56	80	57
42	21	55	75	94	70	25	57	6	23	13	53	17	72	16	70	69	24	34	50
75	80	93	86	76	50	94	4	35	63	87	51	82	37	71	1	49	8	44	74
98	30	19	93	94	10	35	55	32	84	40	31	60	61	71	91	61	73	85	92
13	37	41	83	33	29	19	7	30	46	8	39	5	62	68	96	17	83	73	75
42	20	2	79	87	7	58	6	49	24	67	88	19	10	37	51	83	45	55	80
59	85	88	15	26	22	68	24	89	62	2	20	33	7	14	53	66	8	58	27
73	13	41	9	72	44	88	60	24	88	15	95	77	19	76	39	91	93	71	93
62	22	52	34	77	62	85	27	59	93	82	77	36	74	28	1	52	33	34	39
5	64	38	12	90	82	15	79	18	32	37	41	37	91	81	91	73	83	1	12
Routes of jobs: 
18	8	10	13	5	6	15	9	1	3	19	4	11	12	17	14	20	16	2	7
19	11	7	4	5	17	2	15	16	14	12	20	18	9	1	10	3	6	13	8
14	17	9	8	5	4	16	20	19	18	6	2	11	15	13	12	7	10	3	1
14	19	5	7	6	15	10	20	2	4	11	8	13	3	16	12	9	18	17	1
18	11	9	13	4	15	17	16	3	1	8	6	14	20	12	19	7	5	10	2
6	1	20	18	9	8	13	7	2	4	14	17	16	3	15	11	10	12	19	5
18	15	7	9	19	3	17	13	6	1	5	16	8	11	4	20	2	12	10	14
12	2	16	17	3	14	10	15	1	7	19	11	8	6	5	18	4	20	13	9
18	11	8	3	17	14	12	1	9	5	20	4	2	13	6	19	10	15	7	16
19	16	15	13	10	20	11	17	8	18	7	12	1	3	5	9	14	6	4	2
2	1	10	7	20	18	12	19	16	17	15	9	8	14	4	11	13	5	6	3
16	3	11	20	10	4	18	17	14	12	5	7	2	8	15	13	6	19	1	9
7	2	20	15	18	12	11	4	14	3	13	16	5	17	9	19	6	1	10	8
3	11	2	20	6	13	9	15	18	14	12	5	17	19	16	1	7	8	10	4
15	1	9	4	10	11	3	18	5	7	20	2	17	6	13	14	16	8	19	12
9	13	14	11	8	1	5	17	6	16	19	4	10	3	12	20	15	7	2	18
9	13	20	12	11	5	3	8	10	7	1	16	14	2	17	15	6	4	18	19
10	7	17	5	4	3	15	9	13	8	18	16	20	19	2	1	6	11	14	12
10	19	13	11	15	17	2	18	5	8	1	9	3	16	20	7	6	4	12	14
7	3	18	10	20	12	15	8	5	4	9	13	19	16	17	1	6	2	11	14
Due dates: 
895	
694	
984	
708	
925	
1053	
981	
931	
1099	
1009	
760	
798	
1044	
1094	
778	
819	
744	
1063	
927	
884	
