15	30
Processing times: 
72	80	94	4	23	76	16	44	76	97	5	27	9	38	90
47	32	55	48	69	8	25	90	84	25	34	37	62	2	92
96	12	36	89	6	76	56	17	80	42	54	26	87	71	1
11	38	37	6	95	25	34	50	98	69	98	19	19	76	50
36	41	55	94	22	78	32	59	58	56	63	22	10	16	6
93	69	7	84	10	90	12	59	95	48	14	23	64	93	95
17	76	63	59	6	3	94	30	43	27	29	25	1	42	77
27	59	27	43	6	56	32	59	5	48	27	11	14	43	25
67	63	4	25	49	9	40	47	14	75	29	15	32	21	27
36	87	86	22	70	16	52	97	70	99	1	93	2	43	87
63	63	5	22	63	69	90	67	28	79	46	23	35	77	24
25	69	71	38	29	88	25	51	65	66	24	20	34	70	58
84	70	29	97	68	66	56	60	21	34	80	50	55	4	4
52	38	81	7	14	66	50	38	59	88	97	72	33	80	46
41	10	94	78	53	86	76	13	98	89	88	35	99	50	25
42	16	44	40	35	71	52	35	98	73	92	44	35	79	17
46	55	74	80	89	61	34	75	39	47	70	84	26	44	82
77	40	43	76	69	42	25	34	8	77	57	56	80	12	89
96	53	3	49	76	37	50	73	98	44	89	2	1	99	89
7	91	32	44	2	66	62	22	23	92	70	31	10	94	89
46	15	23	70	57	67	58	92	66	55	13	33	64	36	21
39	35	90	67	70	94	48	76	93	46	34	58	74	49	80
99	10	90	60	5	17	24	83	37	59	17	99	42	72	36
94	69	47	96	30	29	22	26	99	13	59	66	89	1	24
91	21	42	79	8	9	66	1	59	36	54	52	87	82	33
31	93	68	72	22	85	40	76	48	83	89	83	43	69	67
64	59	63	54	21	79	35	95	7	67	15	89	54	98	26
14	93	87	15	40	20	61	8	8	57	14	90	16	36	59
2	87	8	2	12	35	6	73	82	37	19	81	19	12	60
4	9	7	59	29	39	55	18	70	14	47	75	78	99	9
Routes of jobs: 
4	12	15	6	9	7	14	1	2	3	10	11	8	13	5
1	4	5	9	10	11	6	2	13	8	14	15	3	7	12
13	11	6	9	8	15	12	3	2	7	14	5	10	4	1
6	1	10	2	9	15	11	8	12	14	4	5	13	3	7
13	7	4	12	3	9	15	6	1	10	14	5	8	2	11
7	8	15	14	1	3	9	5	12	10	4	13	11	6	2
9	13	10	8	12	6	7	15	5	14	1	2	11	3	4
13	8	11	2	6	5	10	14	3	1	4	7	12	9	15
9	8	14	13	11	7	2	4	5	3	1	15	6	10	12
9	8	7	4	15	2	1	3	13	12	11	6	5	10	14
3	9	14	12	2	6	13	4	7	11	8	5	1	15	10
2	7	9	5	8	6	14	1	15	12	11	4	13	3	10
15	14	10	9	8	13	2	5	11	7	3	4	1	6	12
10	3	7	2	1	4	13	15	9	8	5	6	12	14	11
12	11	9	4	6	8	3	15	14	7	10	1	5	2	13
1	14	9	7	4	11	8	12	3	15	6	10	2	5	13
10	6	2	13	12	3	15	8	5	9	4	7	14	11	1
14	13	5	3	9	12	15	11	2	4	7	6	8	1	10
13	15	11	6	3	8	12	14	9	7	4	10	2	1	5
8	13	1	11	14	9	7	6	10	2	15	4	12	5	3
7	13	8	12	14	15	4	10	11	5	2	9	3	6	1
10	3	4	2	11	12	6	9	7	15	1	14	8	13	5
1	15	2	13	6	9	12	11	14	7	10	3	5	4	8
9	11	14	6	8	10	7	1	12	13	2	15	5	4	3
4	11	10	1	6	3	13	5	15	9	7	12	8	2	14
11	8	13	4	1	9	7	15	6	12	10	5	3	2	14
1	14	3	13	6	12	7	9	5	10	4	8	11	2	15
15	4	1	8	9	10	13	11	5	12	14	6	2	3	7
14	2	6	7	3	15	9	8	10	11	4	12	5	13	1
11	8	2	15	9	6	3	14	1	5	10	13	12	4	7
Due dates: 
714	
675	
712	
689	
616	
814	
563	
458	
492	
818	
717	
697	
740	
780	
889	
735	
861	
746	
817	
699	
681	
906	
713	
726	
684	
921	
785	
588	
509	
582	
