15	30
Processing times: 
81	6	87	97	96	49	47	82	94	40	57	68	47	75	91
42	67	78	41	79	21	62	36	8	55	43	39	61	91	82
52	37	50	48	96	28	54	2	25	68	72	68	95	7	98
93	86	87	46	61	59	81	30	71	10	71	10	24	94	43
13	79	22	71	36	57	30	46	30	58	65	88	70	71	78
95	56	15	40	43	68	31	57	73	32	60	98	34	32	66
30	22	21	16	57	33	93	24	12	27	42	19	64	58	67
77	38	26	49	95	84	61	43	87	51	58	53	49	62	65
92	82	55	81	54	13	57	87	97	89	93	48	70	68	59
23	96	53	33	78	78	72	94	28	47	66	60	87	28	36
69	4	89	88	15	98	53	82	34	27	64	63	5	69	29
68	50	74	5	89	2	59	86	93	76	19	15	79	97	87
62	60	31	89	52	95	55	39	51	62	11	67	13	29	47
29	5	62	79	92	85	14	61	52	52	51	76	63	85	20
93	73	57	88	91	51	61	41	45	46	23	97	28	45	66
49	58	32	30	59	57	14	33	14	59	41	59	50	67	53
94	52	7	51	8	99	97	66	98	58	52	43	80	23	18
97	57	72	97	12	70	33	72	14	2	99	30	18	95	2
64	75	63	14	55	10	89	89	24	32	70	79	71	42	14
1	82	27	22	44	97	76	16	27	24	98	25	82	75	15
26	4	18	51	47	27	6	84	72	29	91	76	78	36	93
35	39	89	53	85	7	90	16	70	49	73	13	12	89	9
56	40	51	47	77	65	84	93	54	66	6	36	87	41	7
56	1	57	45	3	14	74	29	65	43	13	42	67	45	78
81	72	99	52	69	39	74	47	29	73	6	5	2	8	25
17	64	97	94	99	68	36	21	22	61	43	93	82	91	86
20	28	98	7	18	37	60	47	62	75	42	52	97	46	98
9	15	85	55	7	6	3	27	11	31	90	81	5	86	30
53	87	93	62	19	12	53	73	4	1	65	35	65	23	40
13	22	34	5	68	81	53	66	96	50	40	70	92	13	43
Routes of jobs: 
5	13	10	12	6	15	11	1	3	2	8	7	4	9	14
1	10	15	13	2	5	12	11	7	4	3	8	9	6	14
1	6	4	9	8	15	13	14	10	5	11	3	12	7	2
7	6	4	5	15	9	13	11	8	3	2	10	12	1	14
9	14	11	1	7	3	8	13	12	15	2	6	4	10	5
6	10	14	3	12	1	8	15	5	7	13	11	9	2	4
10	11	8	9	2	5	7	14	15	13	1	4	3	12	6
8	10	12	14	11	2	6	15	9	3	5	7	1	13	4
11	4	3	15	13	14	9	7	12	1	2	10	8	6	5
12	4	11	2	1	15	14	3	6	5	8	7	10	9	13
6	3	10	9	4	5	11	13	2	12	14	8	15	7	1
14	15	2	1	10	3	5	12	4	6	13	7	9	11	8
2	15	13	10	6	12	4	11	14	5	1	3	9	7	8
12	5	14	15	8	7	3	10	2	13	1	6	4	9	11
7	14	1	6	12	10	4	13	3	9	11	5	15	2	8
9	5	8	14	7	15	10	2	13	6	3	4	1	11	12
8	12	3	13	11	2	6	15	4	9	7	1	10	5	14
7	9	10	14	11	4	15	13	8	2	5	1	6	3	12
13	11	8	5	2	12	1	7	4	9	15	6	3	14	10
10	6	13	12	3	8	1	14	15	2	7	9	4	11	5
8	4	14	9	7	12	3	15	5	10	11	2	6	1	13
1	2	3	7	15	6	4	13	11	14	8	5	10	9	12
2	4	7	6	3	9	1	8	11	15	13	12	10	14	5
7	12	10	14	4	1	2	11	13	3	15	5	8	6	9
3	4	1	5	10	2	13	6	11	9	14	15	7	8	12
8	5	10	12	4	6	2	11	15	13	9	3	14	7	1
10	13	8	6	3	11	5	15	9	7	2	1	4	12	14
11	15	12	1	5	14	2	10	8	7	6	13	4	9	3
14	15	6	5	7	2	1	13	12	4	11	3	10	8	9
15	7	9	3	8	6	12	11	5	1	4	14	2	13	10
Due dates: 
967	
765	
760	
823	
774	
760	
556	
854	
993	
836	
750	
855	
725	
785	
860	
642	
804	
732	
752	
676	
702	
693	
770	
601	
647	
926	
748	
514	
651	
709	
