15	30
Processing times: 
54	8	81	33	22	26	23	69	14	88	52	75	18	59	42
76	99	1	79	75	14	4	28	58	66	59	41	41	42	60
38	78	21	70	37	55	63	44	27	79	6	79	46	45	18
27	37	37	72	63	24	27	34	31	51	73	58	7	32	56
95	23	89	20	12	33	78	26	35	35	17	81	34	60	32
31	74	70	58	82	11	70	65	90	80	82	64	31	63	81
43	22	86	45	37	17	63	81	37	28	92	99	7	1	10
41	45	93	22	86	42	28	77	74	11	62	92	59	81	57
37	12	90	6	63	37	66	89	83	74	21	78	70	56	39
59	24	31	21	46	48	73	11	27	47	45	38	67	91	42
52	9	17	63	96	50	7	27	59	81	19	74	41	64	59
47	81	93	59	86	91	46	29	65	61	73	21	75	10	65
62	63	63	99	43	37	53	62	9	32	25	10	93	81	85
29	87	62	51	81	88	8	66	90	7	68	26	46	50	41
20	6	86	31	86	5	23	57	76	42	45	90	63	8	98
11	94	42	95	43	51	42	39	82	1	96	36	74	74	74
12	77	13	31	9	39	57	25	55	60	87	55	85	12	78
55	4	12	42	46	89	44	33	15	73	47	72	81	79	6
77	44	62	17	70	19	69	70	30	97	82	36	19	33	50
98	42	4	26	84	34	3	59	52	70	49	42	6	7	6
2	84	1	76	10	2	75	10	97	3	18	53	31	84	17
63	6	77	85	20	28	81	76	33	76	27	87	13	37	62
20	70	89	60	64	39	67	78	7	46	25	49	27	76	98
3	22	9	66	39	51	30	92	94	8	24	27	88	9	65
79	33	62	85	17	64	66	2	71	88	64	3	44	60	6
91	24	5	31	53	53	8	15	11	53	22	83	50	81	52
87	62	84	91	53	17	72	13	92	92	16	13	13	69	44
83	62	61	26	14	69	34	61	12	2	27	51	64	14	82
54	82	68	83	71	81	6	42	22	22	94	25	53	5	70
67	72	47	35	78	34	67	86	89	69	46	57	87	22	87
Routes of jobs: 
3	14	2	10	9	13	5	11	12	4	7	8	15	6	1
7	4	1	11	14	8	5	15	12	6	2	9	13	10	3
5	7	13	12	1	8	15	14	6	2	10	9	11	3	4
12	5	15	1	2	10	3	9	6	11	13	4	8	14	7
1	6	12	2	8	5	15	14	3	7	4	10	9	13	11
12	6	4	3	1	2	5	13	8	9	14	15	10	7	11
12	10	7	8	3	15	13	6	2	4	11	14	5	9	1
5	12	9	3	6	7	13	8	14	1	10	2	11	4	15
2	3	13	8	6	14	11	10	5	15	1	9	12	7	4
12	13	9	8	11	4	7	10	3	2	1	14	5	6	15
4	3	15	8	10	7	11	1	12	2	6	9	13	14	5
2	6	14	7	9	11	4	3	13	1	10	5	15	8	12
3	9	14	6	10	1	13	2	7	4	8	12	15	5	11
12	13	10	14	11	5	6	8	9	4	3	1	2	15	7
12	14	13	8	7	6	1	2	4	10	5	9	15	11	3
1	3	2	7	10	4	13	6	14	9	8	5	15	11	12
15	9	2	4	14	5	1	3	11	12	13	7	8	10	6
4	6	11	2	5	7	9	15	8	12	13	10	14	3	1
1	13	2	14	4	5	10	15	12	11	9	6	3	8	7
2	10	14	8	1	11	3	12	15	13	9	7	5	4	6
5	3	4	13	14	11	7	8	10	9	15	12	6	1	2
9	12	4	7	13	3	11	10	8	5	14	15	1	6	2
5	2	7	11	9	4	12	13	3	10	1	6	15	14	8
14	10	6	13	7	9	4	2	8	3	12	15	5	11	1
4	11	15	6	12	8	9	14	2	7	5	10	13	1	3
1	13	7	2	5	10	8	11	15	6	14	12	9	4	3
11	3	1	6	5	10	14	15	13	9	8	4	2	7	12
10	4	9	14	5	7	15	6	3	13	1	11	12	2	8
15	3	7	11	2	6	12	8	1	10	14	5	13	9	4
7	8	13	6	5	10	2	14	3	11	9	15	12	1	4
Due dates: 
631	
706	
671	
598	
637	
905	
635	
827	
780	
637	
683	
857	
777	
760	
700	
812	
661	
664	
737	
553	
535	
733	
775	
596	
707	
601	
778	
629	
740	
896	
