15	30
Processing times: 
48	99	34	99	84	23	38	50	98	95	43	24	53	30	6
85	5	65	16	24	9	19	60	22	59	25	9	36	32	94
56	30	62	49	54	78	88	13	17	40	93	88	59	71	47
60	84	98	14	79	60	17	31	74	42	42	19	59	16	84
51	52	2	9	50	14	49	64	1	56	46	28	6	75	37
23	17	99	40	39	59	65	86	46	67	8	6	85	94	69
49	22	64	69	31	77	36	70	21	46	44	10	75	7	57
17	93	74	63	26	53	58	71	82	54	66	37	4	89	46
78	46	90	17	19	17	56	76	72	56	27	5	42	72	43
36	71	87	20	83	90	18	79	6	48	94	23	25	84	93
61	58	54	45	60	15	56	49	1	72	52	74	26	94	54
73	97	50	41	21	63	54	45	36	82	52	84	15	21	52
90	26	39	31	33	75	92	77	90	56	23	55	70	14	49
53	48	83	10	87	99	29	24	84	47	89	97	34	58	82
29	88	93	16	82	26	77	35	98	4	58	30	28	98	32
18	92	62	59	3	94	34	56	24	18	66	53	30	41	10
2	26	17	18	60	39	23	95	81	56	34	8	47	72	56
6	79	65	58	94	45	80	3	29	80	27	60	94	14	76
31	79	87	79	57	48	33	42	93	86	54	32	8	16	63
96	1	75	42	45	51	10	58	71	92	23	18	63	27	63
84	82	16	61	43	75	28	15	19	93	22	1	62	9	5
46	29	50	12	72	18	79	73	23	1	58	1	95	25	71
10	39	49	56	71	40	90	28	89	42	9	92	52	6	20
70	63	68	97	86	81	38	7	53	48	43	59	88	29	87
81	97	65	60	15	29	9	80	78	85	95	85	91	28	92
39	6	59	34	34	32	12	7	35	4	53	69	89	3	40
98	85	51	9	24	7	59	98	50	98	64	31	31	29	1
59	68	3	8	2	9	69	14	72	84	69	54	45	59	7
92	21	53	64	59	79	52	14	61	86	82	98	83	24	87
51	70	94	80	35	56	8	94	11	3	60	73	26	21	45
Routes of jobs: 
4	11	15	2	6	9	5	12	14	13	3	10	8	1	7
7	5	3	4	15	6	8	14	10	1	12	13	9	11	2
5	3	11	6	13	14	4	12	10	8	9	7	15	2	1
1	14	5	2	15	10	13	4	9	6	3	7	11	8	12
7	2	11	5	9	6	3	10	8	1	14	12	4	15	13
6	7	13	4	1	5	3	9	2	14	12	10	15	8	11
12	14	2	7	5	13	15	1	11	9	6	8	3	10	4
6	3	2	5	10	14	9	11	12	4	8	1	7	13	15
8	14	13	6	11	10	1	12	9	5	3	2	15	7	4
7	8	15	2	10	12	4	6	11	3	9	1	14	13	5
11	1	4	5	6	12	8	13	14	15	9	2	7	3	10
6	1	10	12	13	7	11	15	9	5	8	4	14	2	3
9	1	8	5	4	2	14	6	7	13	12	10	3	15	11
5	10	14	13	7	3	8	2	12	11	9	15	1	6	4
8	15	12	3	11	13	2	4	14	10	5	9	6	1	7
14	13	5	12	2	1	11	7	6	10	3	8	4	15	9
1	8	13	15	4	3	9	12	14	10	5	2	6	7	11
6	7	8	5	13	10	12	4	11	9	2	1	3	15	14
13	5	4	14	12	7	6	1	11	2	3	10	8	9	15
1	8	4	12	11	2	9	13	6	7	3	15	10	14	5
15	6	8	2	11	7	10	4	13	1	12	14	5	3	9
13	12	7	9	14	11	2	8	15	10	5	4	3	1	6
9	10	12	4	5	14	11	3	1	13	6	7	8	2	15
13	9	7	10	12	6	3	8	15	1	5	2	4	14	11
15	12	9	5	11	6	4	3	7	10	13	14	1	2	8
8	15	5	1	13	11	9	6	4	2	7	10	3	12	14
12	13	5	15	14	2	6	9	1	8	11	10	3	7	4
15	9	8	2	1	7	10	13	6	11	5	14	12	3	4
9	8	11	15	6	13	10	3	12	2	4	1	14	7	5
3	13	14	4	1	15	7	6	11	12	9	10	2	8	5
Due dates: 
783	
532	
803	
741	
513	
763	
645	
792	
681	
815	
733	
747	
779	
878	
755	
627	
603	
770	
768	
699	
585	
621	
659	
872	
941	
491	
699	
591	
908	
691	
