15	30
Processing times: 
98	87	27	32	93	89	77	55	47	40	36	32	95	72	15
73	44	35	76	5	68	72	66	42	13	24	55	7	47	84
7	61	61	85	44	7	98	28	3	3	71	12	59	57	98
92	19	27	3	4	93	97	97	9	27	19	70	1	76	16
92	79	19	35	63	53	71	36	49	16	36	60	52	27	23
65	53	25	28	62	67	97	48	63	6	51	88	68	15	79
81	26	43	70	54	26	15	72	71	48	98	49	65	79	60
82	34	87	35	28	98	43	28	73	28	74	88	5	18	58
62	66	93	86	2	98	47	14	51	83	18	90	67	62	70
28	69	57	6	79	47	21	94	71	75	66	66	84	35	66
37	76	20	40	71	5	92	87	90	15	63	45	62	79	19
5	62	59	71	27	71	70	90	99	82	7	83	54	92	12
48	87	84	66	3	79	21	86	49	74	11	46	98	58	90
45	22	49	7	32	56	11	17	80	96	19	84	5	96	93
25	65	88	19	93	35	69	46	73	18	40	53	78	85	16
36	18	36	34	64	80	87	40	39	63	42	74	34	87	49
84	79	63	15	73	1	58	27	67	81	18	35	52	34	95
64	48	82	1	11	19	27	93	42	83	12	37	55	66	42
77	13	55	15	72	20	71	45	39	61	73	93	34	62	66
68	15	97	85	81	53	49	70	96	65	72	76	71	81	77
62	84	58	36	63	69	10	51	34	27	19	98	21	16	23
60	17	89	87	52	80	17	30	82	50	53	78	69	77	67
56	40	32	37	37	12	11	36	85	89	85	32	66	98	79
32	56	22	95	55	20	46	8	68	49	86	92	25	24	13
53	1	92	65	10	92	92	48	39	53	49	26	75	84	2
14	67	84	31	61	63	24	51	22	33	54	8	38	7	67
68	10	55	30	26	17	4	98	55	45	27	76	96	65	60
9	24	22	40	47	73	72	70	66	19	3	97	98	85	51
54	19	72	38	18	84	71	80	46	25	29	57	92	41	75
16	79	53	98	8	20	2	64	61	78	91	35	55	92	78
Routes of jobs: 
11	12	10	9	2	8	7	3	6	14	5	15	1	13	4
13	9	15	4	2	8	14	7	11	6	5	3	10	12	1
13	1	4	14	15	11	3	7	10	2	12	5	6	8	9
15	4	8	3	7	6	11	9	12	2	1	10	14	13	5
7	6	8	5	10	4	14	11	2	1	15	12	9	13	3
8	12	13	10	9	3	4	6	5	2	11	1	7	14	15
12	13	2	8	15	7	4	6	9	10	14	5	11	1	3
4	10	12	15	3	14	13	11	7	8	1	2	5	6	9
10	3	4	14	11	15	13	2	8	1	7	9	12	5	6
1	8	4	15	5	9	14	3	2	10	13	6	7	11	12
3	13	1	5	15	11	9	14	8	4	7	10	6	2	12
6	3	9	7	5	13	10	2	11	1	15	8	14	12	4
15	6	1	4	8	2	5	9	3	13	12	14	10	11	7
6	3	15	7	13	5	11	10	4	9	14	8	2	1	12
5	10	1	7	2	11	14	4	3	13	6	12	8	9	15
3	6	13	5	2	8	7	15	4	9	14	11	10	1	12
7	11	2	9	13	3	12	10	15	6	1	8	14	4	5
3	1	5	11	4	6	8	13	15	14	12	10	9	2	7
6	7	9	1	11	12	14	15	8	3	13	2	5	10	4
14	9	12	8	10	11	4	15	5	13	2	7	3	6	1
2	7	15	4	13	11	8	14	6	1	5	12	10	3	9
8	12	1	11	2	3	6	5	4	10	15	9	7	13	14
7	8	13	14	12	4	9	2	11	10	1	6	3	15	5
5	7	2	11	13	10	15	8	12	1	6	4	14	9	3
8	3	11	10	6	4	2	14	12	9	5	15	13	7	1
4	5	13	1	8	12	11	3	14	6	9	7	15	10	2
12	13	1	14	7	3	2	10	6	8	4	11	5	15	9
1	10	9	13	4	15	11	8	3	2	7	12	5	6	14
5	3	8	12	7	4	2	11	9	10	14	1	13	15	6
15	7	3	9	11	5	12	14	13	8	4	6	2	1	10
Due dates: 
851	
676	
660	
618	
676	
775	
815	
741	
864	
821	
761	
840	
855	
677	
763	
744	
743	
648	
757	
1004	
638	
863	
756	
657	
742	
593	
696	
738	
761	
789	
