15	30
Processing times: 
95	75	64	56	24	20	15	35	27	6	79	60	69	37	84
56	27	30	74	30	32	11	58	44	46	55	57	43	41	63
50	75	28	37	71	13	8	99	83	43	56	57	70	14	86
73	47	10	87	11	68	27	30	66	17	22	70	21	10	33
6	11	73	1	88	69	46	84	84	50	52	49	92	50	12
85	7	67	35	68	30	64	79	22	22	11	65	14	75	45
40	36	53	58	93	55	45	10	67	85	3	20	17	66	63
39	42	67	58	27	63	54	37	8	18	68	16	32	75	24
48	22	12	3	68	27	16	33	25	44	80	63	83	75	86
93	69	66	66	7	81	20	6	73	54	88	2	81	66	14
41	70	95	29	36	6	81	86	92	22	10	18	46	62	15
38	30	21	55	62	14	47	59	97	8	48	68	74	9	23
26	69	73	35	3	58	67	83	81	54	12	34	19	15	88
34	93	80	7	4	32	97	98	58	58	3	90	42	40	15
28	39	81	3	38	65	10	71	44	77	6	68	42	51	43
29	12	64	55	77	20	78	39	88	47	81	41	18	7	40
61	26	24	60	76	57	67	28	61	60	3	20	47	26	90
33	82	36	51	97	19	63	27	35	28	26	13	66	11	26
49	71	99	67	77	20	96	1	88	21	81	84	49	92	7
83	17	92	87	17	61	31	1	67	80	8	16	50	9	69
38	73	86	65	83	25	35	22	81	14	19	42	21	30	83
67	61	96	44	13	38	51	90	84	30	13	60	20	14	82
87	75	24	67	20	96	76	61	44	51	90	40	4	16	51
22	52	35	58	1	62	4	68	8	39	48	76	51	25	37
34	51	27	40	11	96	81	88	90	32	62	52	91	54	96
40	1	3	71	20	52	92	73	17	87	81	35	24	23	93
58	65	1	81	34	48	82	32	23	44	20	80	85	56	90
82	61	68	65	48	88	2	76	37	72	18	11	33	24	65
94	14	17	25	57	81	8	81	59	97	43	34	55	36	2
23	64	7	89	13	96	84	91	20	3	45	50	1	41	57
Routes of jobs: 
6	4	13	7	10	2	15	5	3	14	11	1	9	12	8
2	8	1	3	5	12	11	15	6	13	9	4	10	7	14
10	2	7	5	1	11	6	14	8	12	15	3	4	9	13
6	9	7	15	2	1	4	12	13	11	8	14	5	3	10
1	12	2	6	10	14	15	3	8	13	4	9	5	11	7
13	2	11	8	15	10	1	3	7	14	9	4	12	6	5
9	13	4	12	7	6	3	8	11	14	15	2	5	1	10
9	5	11	1	15	3	13	2	7	10	4	14	8	6	12
13	6	4	9	5	12	8	15	3	2	14	7	10	11	1
1	10	6	15	2	14	7	12	8	11	5	9	3	4	13
14	7	5	8	3	9	13	11	6	12	1	2	4	10	15
7	1	8	9	5	14	3	2	10	15	13	11	6	12	4
7	1	5	8	3	13	11	9	14	12	15	10	4	6	2
4	13	6	2	7	5	8	3	12	10	14	15	1	9	11
12	4	2	14	8	10	9	15	11	5	7	3	13	1	6
8	14	10	5	11	3	1	7	6	4	9	2	15	12	13
8	6	15	11	14	7	4	3	10	13	5	9	2	1	12
14	8	11	2	6	12	9	1	15	7	5	4	13	3	10
6	11	8	12	15	2	13	1	14	3	5	7	4	10	9
11	8	6	3	12	15	4	10	1	7	5	13	14	9	2
12	4	7	3	8	11	2	14	1	5	9	6	15	10	13
11	10	1	4	5	6	9	12	2	8	7	15	13	14	3
11	10	1	5	8	3	2	14	7	15	13	9	12	4	6
7	1	8	14	6	4	15	2	10	13	9	3	5	12	11
8	7	12	6	14	13	9	5	15	10	1	4	2	3	11
8	6	11	7	12	14	10	1	13	3	9	15	2	4	5
14	8	3	10	2	12	1	6	9	11	13	7	4	15	5
8	10	5	15	14	3	13	4	9	11	1	7	12	6	2
10	13	8	12	5	6	1	2	14	9	4	11	3	7	15
11	12	15	14	6	2	13	10	4	7	9	3	1	5	8
Due dates: 
709	
634	
751	
563	
729	
655	
676	
597	
651	
747	
674	
621	
682	
714	
633	
662	
671	
583	
857	
654	
682	
725	
762	
557	
860	
677	
760	
713	
668	
650	
