15	30
Processing times: 
31	9	88	73	29	82	53	98	99	92	42	15	16	79	49
48	63	73	89	91	41	42	76	53	99	44	13	15	54	37
30	89	7	40	68	2	94	73	73	14	25	44	49	3	52
10	13	7	34	29	62	47	62	40	86	80	57	87	49	28
23	34	45	91	91	12	90	39	48	87	41	90	71	98	54
69	89	33	54	57	63	68	53	12	9	72	30	72	61	36
67	1	62	64	78	65	75	2	40	37	26	56	34	65	14
65	89	37	41	25	67	8	22	74	56	94	73	76	84	98
13	77	62	60	39	52	41	40	87	47	44	65	11	86	33
74	20	43	49	63	31	88	6	41	80	73	11	50	30	77
69	69	12	85	74	7	33	84	97	36	2	53	19	52	52
74	82	51	75	81	64	37	70	48	84	55	7	33	8	33
97	30	84	6	99	20	68	70	14	79	41	54	71	28	51
56	86	55	36	91	10	98	77	90	69	72	27	78	14	30
47	69	93	97	71	13	65	44	10	92	71	46	26	18	31
47	5	14	47	81	84	62	91	5	58	77	55	49	5	5
46	96	61	67	2	9	94	38	66	25	67	57	79	74	47
74	52	50	43	93	30	85	75	58	47	70	42	62	58	81
5	42	63	42	28	40	36	49	65	6	14	20	85	41	70
7	36	54	91	98	31	33	72	21	61	1	30	85	79	32
79	82	49	51	43	16	44	62	20	12	7	1	64	21	37
94	75	56	25	89	72	84	71	74	83	6	69	87	19	68
7	29	15	3	62	53	92	1	27	21	66	92	19	22	48
75	12	46	37	72	35	6	32	50	33	14	34	93	83	11
87	56	70	81	80	58	75	48	55	92	9	16	41	71	63
29	66	18	55	53	81	47	86	33	30	75	73	27	51	67
60	17	18	61	82	72	5	92	75	91	89	35	53	68	85
82	54	96	19	20	67	27	77	59	87	40	7	46	32	84
69	52	26	65	89	51	79	51	27	91	23	59	99	51	70
62	57	30	5	30	13	39	31	16	68	32	83	4	27	27
Routes of jobs: 
14	1	11	3	13	9	6	7	5	15	2	12	10	4	8
8	4	1	13	14	15	9	2	11	5	12	3	7	10	6
13	15	11	2	14	6	4	12	7	3	5	8	9	1	10
15	14	2	13	8	1	5	6	4	3	7	9	12	11	10
8	6	2	4	9	13	3	14	1	5	7	11	12	15	10
12	6	5	15	11	4	1	10	8	13	7	3	14	9	2
6	9	13	10	4	3	15	5	2	14	8	1	12	7	11
8	15	6	10	4	2	5	11	13	3	7	14	12	1	9
11	15	7	6	14	13	4	9	1	8	3	10	5	12	2
7	6	5	4	13	15	8	10	2	14	12	9	3	1	11
6	2	1	12	14	7	13	8	3	10	4	5	11	9	15
13	14	1	4	3	6	11	12	5	2	8	15	10	7	9
12	1	10	13	8	3	14	9	6	5	4	2	15	7	11
6	9	14	11	15	8	10	1	13	3	7	5	12	4	2
10	4	11	6	3	7	8	12	5	2	13	14	15	9	1
2	8	3	6	7	10	11	9	15	12	5	13	1	4	14
14	12	6	3	1	7	9	10	11	5	8	2	13	15	4
10	9	2	11	4	3	7	12	1	8	6	13	14	15	5
6	13	4	1	14	11	8	10	7	15	2	5	3	9	12
6	11	12	8	5	7	10	1	9	13	3	4	2	14	15
11	15	4	2	12	14	10	13	7	9	1	6	3	8	5
15	13	9	14	7	10	6	3	8	11	4	2	5	12	1
12	9	8	7	1	10	14	11	13	6	3	15	2	5	4
2	10	13	8	6	9	14	3	4	15	7	1	11	12	5
3	6	14	1	10	4	9	2	13	15	7	5	11	12	8
2	9	8	15	11	4	6	7	5	13	14	12	1	3	10
3	15	4	14	11	6	13	8	2	9	1	12	5	7	10
15	5	4	3	10	1	9	7	8	12	2	14	13	6	11
10	13	6	5	3	4	1	14	9	8	7	11	2	12	15
12	7	8	9	6	15	14	4	11	2	13	1	3	10	5
Due dates: 
813	
797	
630	
657	
869	
740	
652	
864	
720	
700	
707	
762	
772	
845	
754	
651	
787	
874	
576	
695	
559	
924	
530	
602	
857	
752	
858	
758	
857	
498	
