15	30
Processing times: 
11	54	64	32	87	56	22	7	95	55	33	14	34	12	5
55	71	31	9	99	48	33	57	33	1	56	11	96	46	52
38	90	57	88	36	8	48	68	80	19	7	25	41	31	31
29	63	1	27	7	24	22	87	35	87	49	55	18	98	55
75	67	58	8	95	55	80	5	31	17	53	87	36	33	31
81	85	16	72	76	78	25	78	75	27	14	22	37	71	86
15	43	7	90	49	98	90	81	75	54	10	88	24	10	4
36	37	91	31	98	1	96	85	81	43	9	65	35	96	92
21	53	25	94	72	94	68	98	45	6	63	35	40	37	87
84	13	71	23	31	65	89	76	88	35	26	98	55	59	35
99	59	2	45	45	44	42	60	91	76	53	77	58	34	63
35	85	47	76	95	82	30	94	63	6	56	47	90	36	60
94	48	71	2	19	33	69	3	27	58	64	86	17	28	81
38	68	7	55	3	95	47	40	47	97	44	11	24	93	36
25	60	33	55	79	57	38	76	5	65	79	5	96	31	78
75	29	77	50	31	50	5	25	70	38	91	71	84	80	76
64	85	96	11	73	41	50	27	40	54	63	74	84	76	58
66	75	54	4	16	6	89	29	3	10	93	53	8	59	22
17	76	84	45	70	5	55	7	26	59	2	18	66	58	99
57	84	50	54	92	34	58	51	34	60	42	66	18	11	59
85	31	29	18	46	29	49	37	42	18	77	67	61	46	91
2	66	75	83	63	62	71	20	42	59	4	67	95	76	80
46	83	7	37	60	76	6	84	82	94	36	79	46	90	94
8	60	99	70	22	91	68	87	11	51	66	19	28	47	66
91	2	39	12	11	17	86	68	88	86	78	75	86	5	79
18	90	91	21	45	31	66	49	95	11	57	31	36	57	88
56	18	45	9	4	2	96	60	45	57	5	49	90	31	97
95	96	41	75	61	65	19	38	78	85	29	65	77	67	84
64	62	52	21	82	27	93	65	32	47	66	39	45	78	26
22	52	36	31	41	92	98	68	57	32	82	39	83	48	85
Routes of jobs: 
8	1	13	6	12	11	9	3	14	7	5	4	2	15	10
8	12	7	11	4	2	5	3	15	9	13	14	10	6	1
2	3	9	6	5	11	13	15	14	7	8	10	12	1	4
8	6	3	11	2	4	14	7	9	13	5	15	12	10	1
14	13	1	10	4	6	11	15	5	9	2	7	12	8	3
9	7	5	4	6	12	1	13	10	2	14	3	15	8	11
4	10	6	14	9	15	13	11	3	1	2	7	8	5	12
7	9	15	4	11	12	13	5	8	2	10	14	3	6	1
13	9	4	1	15	7	12	11	14	2	8	6	10	3	5
15	13	11	12	4	6	9	3	10	14	1	5	8	2	7
12	14	8	10	13	15	3	6	9	7	11	4	5	2	1
10	11	12	5	14	9	2	3	15	1	6	13	7	4	8
10	4	7	5	11	9	13	6	2	15	12	14	1	3	8
14	8	6	15	1	7	13	10	12	4	3	2	5	11	9
11	3	10	6	4	15	14	2	5	1	8	13	12	9	7
2	5	4	10	15	1	6	8	3	12	9	11	13	7	14
14	4	6	10	8	2	5	11	7	12	1	15	13	3	9
15	1	2	10	8	12	11	14	7	13	3	6	5	4	9
8	6	12	15	9	14	4	7	10	5	2	3	11	1	13
6	2	9	3	7	10	13	8	5	11	14	4	15	1	12
9	6	2	12	11	7	8	5	13	14	1	10	4	15	3
10	3	6	5	1	9	15	11	4	2	7	12	14	8	13
15	2	1	13	11	14	7	4	9	12	6	5	3	10	8
11	13	2	8	6	9	12	10	15	4	3	7	5	1	14
14	3	2	6	5	9	15	1	12	11	8	13	7	4	10
2	14	11	1	13	12	5	4	8	10	9	6	15	7	3
6	8	11	15	13	12	3	1	10	14	5	7	2	4	9
12	11	10	8	9	2	4	7	3	13	1	15	14	5	6
3	9	1	11	2	14	6	13	4	12	5	8	15	7	10
2	9	6	4	7	14	12	1	5	10	11	13	3	8	15
Due dates: 
552	
664	
634	
625	
695	
801	
702	
852	
797	
806	
806	
857	
665	
670	
743	
810	
852	
558	
653	
732	
690	
822	
874	
754	
782	
747	
631	
927	
760	
823	
