20	20
Processing times: 
51	86	46	36	37	56	34	77	62	15	8	52	60	5	11	9	43	86	84	43
12	73	63	78	53	1	99	65	60	31	62	97	3	56	8	63	16	32	61	12
27	86	55	58	59	21	15	53	2	38	86	17	42	70	34	77	85	12	20	32
21	94	3	58	21	67	91	54	86	92	56	63	57	68	87	88	13	7	8	13
24	34	89	18	12	48	90	75	62	95	18	38	29	4	17	74	11	15	21	35
91	75	49	78	31	70	11	7	74	80	99	8	14	90	67	22	66	66	80	13
51	76	86	27	33	18	31	71	9	63	87	97	70	45	48	63	74	11	1	76
94	72	2	71	81	17	61	4	22	18	30	17	5	38	93	16	20	64	19	15
80	59	32	95	9	90	20	70	76	2	46	66	62	72	82	61	74	78	97	41
82	13	86	62	37	82	29	61	28	19	92	84	15	62	89	59	48	45	90	86
55	68	43	18	49	44	94	53	32	97	79	61	47	86	67	50	3	7	79	85
24	9	25	9	26	4	60	42	54	90	20	77	72	62	50	61	69	5	19	43
26	50	81	47	36	72	40	45	97	42	58	94	84	59	90	33	28	44	85	73
2	40	81	17	97	30	46	7	9	26	69	46	44	9	81	99	73	67	88	81
93	40	86	62	97	3	75	96	46	9	16	16	30	69	50	15	29	62	90	30
81	86	64	38	62	23	95	35	73	31	88	60	5	36	12	65	54	2	26	56
36	98	67	66	62	99	3	93	30	3	90	82	17	32	1	79	1	75	20	81
35	63	23	26	76	28	79	58	54	16	13	47	68	28	52	84	86	76	22	52
99	4	62	34	37	97	25	26	19	11	53	46	48	29	98	68	24	54	60	74
65	33	87	87	63	24	52	91	26	10	17	15	89	41	58	67	3	92	77	67
Routes of jobs: 
19	16	7	9	15	13	20	12	8	5	10	17	11	14	4	6	3	1	2	18
19	14	9	4	2	20	15	17	1	3	10	11	12	5	6	13	7	8	16	18
11	8	5	18	15	1	9	2	17	6	4	14	3	16	7	19	20	13	12	10
3	20	6	17	12	16	14	5	1	9	18	7	19	11	10	4	2	8	13	15
13	16	3	4	12	8	11	18	10	17	1	14	5	15	2	20	9	7	6	19
7	13	14	9	15	1	6	12	8	3	20	4	2	19	5	16	11	17	10	18
12	16	18	8	19	10	13	5	17	2	3	11	9	6	1	4	15	7	14	20
19	18	1	8	5	13	2	11	3	16	14	15	20	6	7	4	10	9	12	17
16	12	13	8	2	1	15	10	19	9	14	6	17	4	20	5	11	7	18	3
8	19	5	20	13	10	14	6	3	16	11	15	1	17	2	7	9	18	12	4
18	14	19	15	20	2	7	12	13	5	16	1	17	4	11	9	3	10	8	6
11	15	13	10	3	1	20	6	5	14	8	12	4	16	19	17	2	7	18	9
8	20	2	11	12	15	9	10	5	6	13	16	18	14	4	7	3	19	1	17
18	12	14	2	3	5	8	1	11	9	4	20	15	7	10	6	19	17	13	16
12	4	6	20	11	2	18	8	7	14	3	19	1	16	13	9	15	17	10	5
13	9	17	1	19	14	8	20	5	10	18	6	12	15	11	4	7	16	2	3
10	6	20	8	12	13	17	15	14	1	9	5	11	19	2	7	4	18	16	3
20	5	7	2	15	3	1	19	8	11	4	13	16	10	14	6	9	18	17	12
20	4	16	5	8	13	14	17	19	15	18	6	9	1	3	12	7	11	10	2
12	18	14	5	4	16	19	13	1	11	6	20	10	3	8	15	7	9	2	17
Due dates: 
811	
851	
801	
943	
729	
982	
934	
684	
1091	
1053	
1006	
739	
1066	
911	
913	
893	
932	
888	
872	
958	
