15	30
Processing times: 
88	3	96	63	97	73	16	3	91	75	33	63	66	86	88
36	94	4	21	83	79	7	90	50	26	83	33	87	15	38
96	2	88	23	24	65	94	86	37	11	93	81	5	45	94
61	92	88	4	10	38	62	1	37	21	42	54	61	9	24
27	16	48	87	46	37	74	86	84	28	76	69	52	76	91
99	53	53	46	60	17	27	84	78	33	88	35	88	13	75
52	72	72	99	98	52	48	17	85	24	79	25	99	4	85
6	80	25	17	44	73	32	18	73	60	67	4	77	46	67
16	75	2	41	54	47	15	2	88	57	51	29	16	10	26
65	44	1	88	40	17	11	50	10	20	50	40	81	36	27
42	73	30	62	80	60	36	6	42	40	55	97	67	25	11
8	43	3	86	3	29	67	4	12	55	97	74	16	89	59
31	23	25	22	72	42	3	83	91	87	38	88	78	39	14
69	74	20	7	43	42	61	7	74	51	82	43	5	59	83
49	61	65	20	45	75	92	28	48	14	39	28	71	25	9
94	12	33	35	57	33	22	47	87	47	61	42	84	12	58
71	35	70	67	86	42	72	52	73	44	96	42	96	3	94
70	30	48	57	66	95	95	17	64	70	6	99	63	33	27
80	93	15	86	33	65	44	22	86	93	92	88	65	39	14
91	42	14	17	50	16	2	36	47	11	34	29	71	78	55
76	67	35	93	13	58	24	10	6	49	40	61	72	97	17
89	86	45	59	16	52	39	83	11	56	30	60	80	43	4
49	44	3	73	49	63	20	68	40	37	17	66	92	82	5
69	57	34	67	73	60	93	1	43	67	85	80	80	81	98
55	27	50	96	42	76	33	82	82	87	93	42	20	97	15
8	79	24	19	73	82	47	90	97	93	69	47	68	44	54
52	11	98	44	14	38	57	50	40	89	2	73	19	40	96
5	52	45	17	94	44	9	18	37	84	28	78	28	68	64
23	63	57	57	22	71	69	15	19	88	25	83	62	54	68
47	96	11	99	28	8	50	18	97	10	54	50	67	16	79
Routes of jobs: 
3	14	10	2	5	1	15	13	7	12	6	8	4	9	11
4	12	15	2	6	1	9	11	3	5	7	10	13	14	8
3	9	7	6	5	8	1	15	12	2	11	13	4	14	10
7	1	9	8	5	10	3	15	13	11	12	2	4	6	14
13	4	6	1	11	12	14	7	8	5	9	3	2	15	10
12	2	4	1	6	9	8	11	5	3	7	10	13	15	14
11	2	12	6	10	5	14	4	8	1	9	7	15	13	3
13	2	5	6	14	10	3	15	8	4	12	9	7	11	1
11	15	12	10	5	1	4	3	7	9	6	14	8	2	13
15	3	4	2	6	10	11	5	12	1	9	8	7	14	13
8	7	13	2	3	12	4	15	5	14	6	1	9	10	11
15	4	14	1	8	13	7	2	12	11	3	9	10	5	6
4	12	14	9	3	2	11	15	5	10	13	6	7	1	8
9	1	14	2	7	15	11	5	6	12	3	10	8	13	4
6	13	5	7	15	9	4	8	14	10	2	11	3	12	1
3	6	13	12	2	5	8	15	1	10	9	7	4	14	11
11	4	2	5	8	6	3	1	15	13	9	7	14	10	12
3	7	14	5	4	9	8	6	15	11	10	13	2	12	1
3	1	7	12	6	13	8	15	14	5	4	2	11	9	10
7	6	3	4	1	8	11	2	15	5	9	14	10	12	13
6	14	3	15	12	1	7	5	2	10	8	11	13	4	9
13	7	1	15	10	11	6	5	8	4	9	14	12	2	3
2	6	11	5	13	4	1	8	9	15	10	14	12	3	7
14	4	9	3	15	7	11	8	10	2	5	1	6	12	13
9	2	4	13	1	3	5	7	15	10	14	12	6	8	11
3	1	8	6	12	9	14	2	15	10	5	11	7	13	4
8	7	10	12	11	14	13	1	6	2	5	4	9	3	15
8	1	15	11	4	3	12	6	13	2	7	5	9	14	10
11	15	6	2	7	5	14	9	3	12	1	10	13	4	8
14	2	3	1	7	13	11	8	10	6	4	12	5	9	15
Due dates: 
894	
709	
802	
574	
853	
807	
866	
655	
503	
551	
690	
613	
700	
684	
636	
688	
896	
798	
870	
564	
683	
716	
673	
939	
853	
850	
687	
638	
738	
694	
