20	30
Processing times: 
72	45	64	20	68	66	17	69	17	71	37	56	91	51	1	32	26	65	38	49
54	3	52	94	21	43	62	39	51	36	59	90	89	81	51	6	96	80	37	35
46	53	2	27	34	37	60	51	75	29	34	16	24	78	2	57	20	45	18	90
38	43	19	15	58	48	63	41	26	15	80	7	49	33	68	62	4	82	19	2
20	56	63	82	89	71	48	58	47	50	72	93	75	59	39	91	84	63	45	85
17	74	41	15	79	85	34	40	58	30	21	32	47	30	49	17	15	7	67	56
44	97	41	38	82	48	34	70	63	58	76	24	59	72	43	5	57	86	56	23
34	1	72	20	13	34	68	51	62	20	6	80	88	6	66	95	43	37	41	59
76	79	26	28	66	59	2	74	77	53	74	72	55	26	69	60	41	95	5	53
42	22	38	94	72	97	85	5	25	63	89	18	86	82	34	94	10	49	39	88
94	62	73	16	95	55	48	2	44	31	74	79	37	81	69	92	79	17	25	65
71	69	77	96	41	6	39	47	70	98	11	53	15	39	32	93	10	92	29	14
47	47	63	38	46	80	25	76	5	29	21	44	40	78	39	15	25	54	80	61
26	14	53	17	44	3	99	30	1	60	58	83	54	32	9	76	75	89	17	49
99	94	39	29	29	10	55	54	91	22	3	91	8	6	81	37	84	95	64	59
42	78	85	40	9	29	60	53	27	47	57	67	47	99	72	66	67	31	46	83
29	62	45	41	2	83	29	3	95	81	97	9	44	8	10	6	22	60	74	37
45	43	32	62	37	92	30	30	46	81	29	35	47	43	93	28	46	77	18	92
90	30	89	71	49	90	44	72	4	86	25	6	1	20	44	62	77	22	95	48
81	55	69	63	57	65	20	79	37	97	16	36	54	21	62	60	92	70	93	97
76	54	76	36	93	67	35	37	44	88	3	22	73	65	26	3	99	78	38	30
77	82	66	75	95	72	76	52	72	4	70	76	61	88	39	36	88	69	58	14
65	8	90	57	73	2	62	48	76	87	53	23	76	74	99	34	71	27	87	46
76	54	75	69	44	26	63	75	78	78	39	7	73	27	55	23	55	29	56	36
17	42	56	84	44	74	62	55	55	31	71	11	16	29	50	72	64	42	28	70
76	56	78	2	6	71	19	69	30	87	57	33	87	68	24	31	56	5	19	82
64	36	19	90	65	80	26	2	52	72	17	29	60	16	6	91	79	43	99	26
82	80	60	93	54	24	87	63	59	85	13	32	93	33	15	48	72	23	97	76
61	6	87	74	67	44	63	12	81	61	26	23	76	93	97	75	76	46	66	54
77	6	62	22	81	44	28	97	16	7	34	3	93	12	35	88	9	93	87	51
Routes of jobs: 
20	13	15	11	16	8	12	18	2	6	9	1	19	3	4	5	10	14	7	17
11	6	12	9	17	7	20	16	1	14	2	18	4	8	19	5	3	15	10	13
16	20	11	6	7	8	4	10	2	17	18	12	15	13	5	19	3	9	14	1
14	10	15	19	2	12	20	3	4	5	11	6	13	18	7	9	17	1	16	8
4	3	11	9	2	5	6	16	13	12	14	8	1	17	18	10	7	20	15	19
20	12	7	10	8	19	14	15	16	1	17	9	13	4	11	2	6	18	3	5
16	11	6	10	20	1	9	19	13	14	7	5	18	15	8	3	2	17	4	12
20	6	15	4	5	13	16	14	7	19	8	10	12	2	17	11	18	1	3	9
13	6	20	11	9	12	1	18	5	7	14	10	17	4	3	15	8	16	2	19
10	16	13	6	4	14	20	9	17	5	19	18	8	3	7	1	11	2	15	12
2	20	19	11	7	3	16	15	8	18	12	14	6	13	17	5	1	10	4	9
12	20	3	18	15	8	16	5	6	1	2	9	4	11	14	17	13	7	10	19
7	6	4	12	14	15	10	13	9	1	20	2	3	19	5	8	16	18	11	17
3	7	5	13	18	17	1	11	8	4	6	19	2	9	10	20	16	12	15	14
10	6	2	8	12	1	9	13	3	20	11	7	5	16	14	19	15	17	4	18
15	12	6	11	5	4	2	14	8	16	3	18	1	20	19	9	10	7	17	13
3	13	6	14	18	5	15	8	7	12	20	1	17	11	16	4	10	19	2	9
6	5	3	16	11	4	15	8	20	1	12	18	9	13	17	10	2	14	7	19
5	10	14	6	9	7	8	18	1	13	2	4	17	16	20	11	3	12	19	15
15	4	17	11	7	3	6	1	14	13	10	8	9	20	19	2	18	16	12	5
18	14	17	16	6	5	4	12	1	8	11	3	13	15	2	9	20	19	10	7
3	10	18	5	8	6	1	19	20	14	12	2	9	16	17	13	11	7	15	4
13	5	19	2	20	6	15	9	1	11	16	7	18	3	12	17	4	14	10	8
14	7	12	6	18	17	20	11	1	5	4	2	10	19	3	15	8	9	16	13
15	10	14	12	3	6	7	18	9	5	13	1	16	2	19	20	4	8	17	11
10	19	7	9	2	5	17	8	13	11	14	18	6	3	1	12	20	16	15	4
3	20	16	9	15	4	5	2	7	12	18	13	14	6	10	17	19	8	11	1
20	2	18	7	14	3	13	9	1	10	12	4	11	5	16	8	17	19	6	15
18	15	7	6	19	17	14	1	20	10	3	8	11	9	5	2	13	16	4	12
20	8	9	1	5	4	19	10	6	3	13	12	14	18	16	7	15	11	2	17
Due dates: 
1051	
1187	
878	
850	
1420	
896	
1184	
986	
1199	
1246	
1252	
1103	
1005	
978	
1155	
1216	
921	
1107	
1128	
1347	
1148	
1397	
1274	
1142	
1071	
1052	
1070	
1308	
1307	
1040	
