20	30
Processing times: 
34	25	35	86	68	87	65	10	87	58	67	63	90	12	21	82	20	5	21	41
52	66	82	33	6	75	51	80	91	50	99	90	38	58	79	93	55	21	22	89
75	10	90	11	15	28	1	39	5	65	70	1	35	29	22	39	45	8	59	18
41	39	85	44	2	33	92	75	72	32	68	32	36	57	67	20	14	30	71	17
28	95	41	94	78	82	88	71	26	65	71	23	22	28	54	55	73	97	18	12
89	73	21	61	83	69	51	19	61	5	97	70	3	24	89	61	29	14	57	12
89	62	43	16	96	77	4	32	75	90	39	57	34	33	4	21	2	90	42	73
15	68	55	30	66	39	85	26	78	2	9	54	87	26	63	31	48	52	7	93
87	58	74	55	5	8	78	28	87	69	77	6	92	57	10	48	85	70	54	43
68	42	19	22	74	22	12	77	46	80	59	55	7	53	99	71	91	71	88	71
17	79	83	72	85	84	23	40	91	77	51	94	8	1	42	84	88	15	43	66
88	6	46	49	5	47	48	75	72	50	46	87	6	88	41	33	1	65	10	12
56	88	73	83	34	46	88	72	11	75	53	28	15	81	49	15	18	52	48	52
66	30	6	11	39	34	16	31	82	93	85	36	60	78	63	59	82	68	88	43
2	85	3	58	97	37	43	62	25	27	67	36	46	74	72	24	82	2	77	48
93	83	61	4	57	10	79	85	73	5	71	82	1	65	40	74	48	12	78	2
35	52	3	63	75	25	15	12	94	83	83	20	63	27	42	98	34	75	16	7
21	99	34	39	66	64	27	57	48	81	33	1	23	61	29	65	95	82	74	51
88	27	63	71	90	10	93	36	35	24	26	36	51	74	48	10	76	11	20	12
28	6	3	28	59	8	93	48	6	16	32	31	25	57	82	4	90	49	21	56
68	11	99	3	78	1	39	65	19	16	11	26	10	54	2	69	91	39	1	91
10	24	55	71	99	85	58	18	11	90	7	88	75	97	75	11	8	6	45	78
68	57	15	36	27	26	66	38	97	55	73	23	68	19	89	46	34	39	23	60
28	20	44	81	62	66	44	52	40	89	92	27	6	75	6	96	50	73	60	31
90	55	41	20	51	44	67	6	82	5	10	63	80	39	22	48	24	66	46	91
41	4	34	68	58	71	57	81	62	84	57	23	31	59	18	74	60	38	70	49
53	6	79	84	3	41	28	61	43	36	68	8	35	73	81	93	1	94	96	73
92	94	54	17	11	41	55	15	87	81	62	78	28	8	77	82	1	68	84	58
82	31	12	78	83	33	39	78	33	11	91	54	26	90	71	12	28	57	99	49
37	17	3	57	71	82	9	29	17	99	96	97	10	26	36	32	14	35	34	8
Routes of jobs: 
4	18	15	11	6	13	19	9	16	5	2	8	10	7	17	1	14	3	12	20
9	8	13	15	2	5	18	20	10	16	1	4	3	7	12	17	11	6	19	14
19	15	2	12	1	7	13	5	16	6	14	18	10	17	9	3	20	4	8	11
16	2	5	12	4	3	18	11	15	14	17	8	19	1	13	6	9	10	7	20
6	11	16	14	17	20	19	3	5	8	9	18	12	10	15	7	4	1	13	2
10	17	2	6	7	12	14	15	3	1	5	18	16	20	11	19	9	4	8	13
3	7	8	15	5	13	16	17	14	6	2	11	1	18	10	19	4	20	9	12
9	15	14	17	11	8	3	20	1	7	6	13	5	12	2	4	19	18	10	16
4	1	15	5	16	7	9	6	18	10	14	17	2	3	13	11	19	20	8	12
2	20	1	8	3	7	11	5	18	6	13	14	15	16	19	17	4	9	10	12
10	1	2	14	4	17	15	3	6	13	8	9	20	5	19	11	12	7	16	18
2	15	5	12	3	8	4	13	17	10	14	18	19	1	11	16	6	9	7	20
1	10	11	5	3	4	8	13	12	18	15	16	14	7	9	20	19	2	17	6
18	12	6	4	15	8	2	16	11	13	14	17	3	19	20	1	10	9	5	7
4	20	5	11	3	2	12	16	1	6	15	18	9	14	13	7	8	10	19	17
10	1	7	15	4	12	9	11	3	14	16	20	5	19	18	13	2	6	8	17
18	13	19	7	15	17	14	3	10	20	8	4	9	12	1	5	2	6	16	11
4	16	1	3	5	7	10	11	15	17	12	6	18	14	19	20	9	2	13	8
1	7	18	5	2	3	19	13	12	17	11	16	4	14	9	15	20	8	10	6
7	20	4	14	19	5	8	2	10	17	9	18	11	15	3	16	12	13	6	1
9	19	8	15	1	12	5	10	14	6	4	13	18	17	3	16	20	7	11	2
16	1	9	10	14	6	4	17	11	18	2	8	15	5	19	3	13	7	20	12
15	18	20	6	17	7	5	11	16	19	13	14	9	3	8	10	2	1	12	4
20	14	3	18	10	2	5	1	4	12	11	9	19	15	17	13	16	8	6	7
7	15	16	8	5	17	12	1	2	11	18	20	14	19	4	13	9	6	3	10
9	7	5	8	16	11	19	4	14	20	15	6	1	3	12	17	18	13	10	2
5	1	6	9	10	19	15	16	11	13	14	8	12	4	17	3	7	2	20	18
19	8	4	10	15	7	1	16	9	20	12	13	14	6	11	5	2	17	3	18
4	16	12	10	17	6	13	20	14	1	18	3	9	2	7	15	19	5	8	11
8	19	17	11	5	4	12	1	18	15	3	6	10	7	20	16	14	13	9	2
Due dates: 
1075	
1353	
732	
1020	
1234	
1087	
1077	
1028	
1201	
1240	
1258	
963	
1141	
1177	
1064	
1126	
1015	
1155	
992	
817	
873	
1113	
1055	
1147	
1045	
1143	
1162	
1203	
1163	
890	
