20	30
Processing times: 
57	90	95	8	11	61	82	97	97	93	45	87	34	61	15	72	4	17	69	59
19	64	15	54	48	75	57	81	68	33	17	14	71	19	29	80	65	62	87	43
1	84	37	13	23	35	25	20	90	80	19	81	69	75	83	1	81	71	76	4
94	91	22	6	22	54	60	16	99	69	82	56	77	17	25	85	89	28	33	8
71	51	17	21	32	4	93	43	79	31	3	61	73	88	80	9	76	66	98	18
2	57	68	7	44	19	26	27	97	54	22	71	12	49	51	35	40	67	42	92
91	64	19	42	55	80	38	51	13	87	46	15	52	2	74	65	4	5	64	6
24	39	9	43	87	29	17	37	46	51	92	3	52	62	71	95	64	71	12	22
91	37	43	64	43	93	39	81	90	26	75	36	74	30	18	35	87	78	35	15
21	21	57	70	11	29	87	43	24	74	86	14	62	29	88	75	30	57	15	54
66	44	72	65	40	59	20	22	20	50	97	47	73	67	46	4	15	88	34	40
47	34	51	16	76	33	84	92	63	70	53	84	60	78	84	13	14	56	9	65
18	49	67	42	16	66	73	30	89	92	57	1	20	26	7	36	29	30	37	65
37	70	59	86	22	68	10	71	79	51	99	20	72	60	23	84	49	28	71	95
41	39	11	2	45	32	8	64	19	48	88	60	61	62	7	45	88	99	95	82
9	64	81	17	5	14	75	23	17	77	42	36	76	75	18	69	33	11	66	65
91	44	99	61	15	84	69	94	51	17	97	72	8	16	60	93	57	47	13	60
16	44	70	40	97	24	42	81	57	13	11	80	20	28	96	27	45	55	14	70
76	97	77	55	91	39	27	59	15	15	66	31	52	94	82	92	38	53	62	4
2	9	13	91	47	81	63	6	99	69	82	82	14	90	34	36	89	17	66	39
99	68	56	70	72	77	51	64	66	57	74	9	72	94	63	21	39	23	80	8
67	22	59	37	6	64	17	50	45	30	7	78	72	36	23	94	25	74	6	97
42	90	28	19	7	97	82	41	69	47	76	88	11	68	70	31	8	81	3	84
62	34	98	65	12	66	32	60	12	85	73	55	97	24	9	26	92	3	41	83
12	93	74	20	33	89	41	96	4	99	47	23	12	91	25	83	34	83	70	27
99	50	17	9	72	91	37	39	72	31	72	97	40	43	96	51	29	21	18	50
55	41	4	75	86	59	44	73	66	70	79	85	51	5	35	17	30	35	34	91
97	32	41	33	23	39	74	49	69	28	55	60	61	84	2	84	17	73	26	91
21	51	99	79	21	48	44	67	48	96	19	39	56	76	16	40	69	93	15	52
45	22	89	42	43	99	91	34	43	68	76	55	1	73	56	89	13	99	82	72
Routes of jobs: 
5	11	13	6	4	9	20	16	7	1	12	14	2	17	18	19	3	15	8	10
7	2	3	14	12	4	13	15	11	20	8	19	17	18	16	6	1	5	10	9
18	16	9	17	2	11	14	15	7	13	1	10	6	19	3	5	4	20	12	8
8	2	3	18	17	9	10	5	16	15	7	19	14	4	1	12	20	13	6	11
11	2	8	4	18	1	3	19	13	17	7	14	12	9	16	20	10	15	6	5
5	9	4	10	13	3	7	19	6	20	2	12	18	1	14	17	15	8	16	11
18	5	14	20	16	4	3	2	8	17	9	11	13	7	12	10	15	19	6	1
11	2	1	18	19	8	17	7	16	13	3	12	5	9	15	6	20	14	4	10
18	1	10	8	5	3	6	19	12	13	15	14	20	4	9	11	2	16	7	17
12	2	10	17	13	4	7	14	11	15	9	20	5	19	1	6	18	16	3	8
20	19	15	11	14	6	4	12	9	8	17	1	7	5	3	13	10	16	18	2
6	19	7	10	18	13	4	15	16	1	20	5	3	2	11	9	17	12	14	8
3	1	6	19	20	10	8	11	12	5	9	16	18	2	15	7	13	14	17	4
11	13	5	9	14	18	3	20	16	17	4	1	7	6	2	12	19	15	8	10
2	17	20	1	18	16	3	10	4	7	11	19	8	15	14	9	13	12	5	6
3	15	10	17	4	1	5	13	14	20	18	16	9	19	12	8	7	2	6	11
18	9	20	8	5	19	13	14	4	12	7	10	2	6	11	16	1	15	3	17
14	3	7	15	19	8	9	1	17	2	4	11	20	5	13	12	6	16	18	10
16	20	12	1	5	11	8	2	9	7	10	19	15	14	4	13	3	6	17	18
18	9	5	11	13	1	12	10	8	17	19	20	2	14	4	7	3	15	16	6
9	2	12	20	17	6	18	8	3	16	13	1	10	4	14	7	5	11	15	19
17	14	1	2	11	16	15	9	18	19	20	3	5	13	8	7	10	12	4	6
8	7	5	18	16	15	20	9	11	1	4	13	17	6	14	10	19	3	2	12
10	2	5	12	18	17	13	15	7	3	16	6	11	1	9	14	19	4	8	20
13	4	15	11	1	5	12	6	16	10	3	7	9	14	19	18	2	17	8	20
14	9	5	7	4	8	20	3	6	10	19	12	11	17	1	2	15	13	18	16
11	1	2	14	13	12	6	9	20	3	4	8	5	7	18	10	16	17	15	19
17	20	14	4	16	2	9	15	13	3	6	18	1	10	12	11	19	5	7	8
12	5	9	14	6	4	19	2	18	15	13	10	7	20	11	3	1	8	16	17
17	12	15	9	20	6	18	13	4	16	14	19	10	7	2	1	8	11	5	3	6	28
Due dates: 
1270	
1102	
1065	
1137	
1116	
971	
961	
1019	
1199	
1042	
1066	
1191	
936	
1270	
1096	
961	
1263	
1024	
1238	
1132	
1280	
1000	
1147	
1132	
1162	
1138	
1139	
1142	
1154	
1312	
