20	30
Processing times: 
21	57	40	24	57	74	93	7	56	69	92	66	93	74	72	24	15	59	60	38
66	32	89	82	88	8	77	87	42	26	48	11	30	97	44	81	76	14	89	70
3	67	81	31	87	69	46	97	73	8	82	85	12	24	37	12	19	35	72	53
20	21	31	66	69	31	74	15	87	35	93	11	67	52	89	50	99	52	24	12
17	20	14	68	79	36	15	33	90	19	14	72	46	97	56	12	68	14	26	6
92	35	89	49	67	71	95	65	64	98	81	33	40	2	16	30	21	51	68	93
4	83	28	65	81	33	61	36	94	11	72	92	26	14	97	80	14	36	61	33
91	35	22	17	39	99	11	96	14	32	43	32	83	46	87	19	70	38	46	96
36	2	8	64	21	75	32	29	41	82	25	49	69	89	75	33	81	80	47	47
66	61	19	45	52	57	9	87	35	49	27	72	83	22	49	59	32	36	33	59
29	66	83	53	81	31	26	31	6	91	19	61	24	13	77	32	21	14	53	41
45	46	37	7	45	25	47	60	83	20	47	29	45	28	69	47	91	12	89	68
14	29	94	23	55	17	52	60	54	51	84	78	61	76	30	75	88	35	38	99
85	38	5	89	65	14	59	56	22	19	44	39	22	98	99	41	3	33	46	72
74	1	38	31	27	69	86	12	29	6	8	26	49	13	98	39	35	22	33	37
72	25	71	21	6	71	11	70	49	39	8	27	88	97	19	58	95	74	81	93
52	82	64	73	77	74	89	43	66	62	75	82	4	80	42	82	28	80	60	11
4	12	40	11	28	75	83	35	73	41	37	78	16	23	23	72	63	88	51	16
71	58	16	82	29	73	15	67	54	58	30	53	8	88	13	85	57	76	63	35
34	79	37	33	37	96	56	84	1	36	41	83	52	17	84	84	93	29	45	93
19	79	43	43	64	2	14	58	47	23	93	19	57	77	32	61	27	25	52	53
3	1	73	81	88	56	58	14	88	68	16	78	48	30	68	5	47	28	71	19
39	72	37	33	53	95	8	13	23	40	15	6	25	1	22	30	10	7	59	14
37	98	81	73	58	27	22	39	98	35	98	73	25	73	72	79	54	94	27	30
49	63	97	87	86	81	15	92	73	76	53	75	93	70	35	13	85	95	39	57
34	42	63	73	6	71	76	86	97	16	54	44	49	94	92	24	31	72	35	46
4	72	30	47	83	23	88	72	76	4	10	89	75	75	24	63	76	77	36	88
80	68	65	15	36	34	94	7	99	44	72	12	33	77	24	57	68	1	3	6
90	3	70	5	72	60	32	91	42	54	18	63	54	83	92	57	96	11	98	47
77	33	66	68	99	47	52	88	4	71	20	29	82	11	16	57	4	18	29	68
Routes of jobs: 
12	20	17	8	13	2	11	9	7	19	3	14	18	15	1	4	16	5	6	10
5	20	9	18	1	6	2	7	12	13	11	14	3	4	16	19	17	8	15	10
20	11	15	12	4	3	14	2	1	13	10	19	5	6	17	18	8	7	9	16
3	16	7	20	18	15	13	14	2	12	6	5	10	17	19	11	9	8	1	4
18	9	11	17	20	5	3	7	1	4	10	13	12	8	2	16	15	14	19	6
6	7	14	11	20	17	10	9	16	13	5	8	15	12	18	4	19	3	1	2
3	20	5	9	10	7	8	6	12	2	14	15	18	19	11	4	13	17	1	16
17	8	2	7	6	13	5	11	15	16	9	19	1	4	10	12	18	14	20	3
13	1	3	5	2	7	15	17	20	4	18	6	12	9	10	11	14	16	8	19
7	18	14	20	17	19	12	11	4	3	15	9	6	8	16	10	13	5	1	2
13	19	12	8	18	11	7	10	4	20	15	2	5	16	1	3	14	6	9	17
1	19	12	4	16	11	6	5	8	14	9	20	18	3	15	2	7	17	10	13
4	5	8	7	6	16	9	14	18	13	10	11	19	3	15	1	12	2	20	17
6	13	15	7	4	11	14	8	9	18	16	19	5	1	2	17	10	12	3	20
8	5	11	14	12	17	19	13	9	16	20	2	1	18	3	4	10	15	7	6
1	18	5	16	12	4	15	14	11	8	9	2	10	17	6	19	13	7	20	3
20	2	12	18	6	19	8	11	13	3	1	4	5	14	7	9	17	10	16	15
4	13	2	16	8	7	9	10	14	17	20	11	5	18	6	19	15	3	1	12
12	11	16	13	8	20	10	5	9	3	2	6	7	4	18	14	1	17	19	15
1	14	10	6	16	15	18	7	12	8	13	3	11	17	2	20	5	9	19	4
15	3	14	17	10	20	8	7	19	16	5	18	1	13	6	4	12	9	11	2
17	10	18	9	7	5	20	19	8	3	15	16	13	6	11	14	4	1	12	2
6	20	3	17	11	7	14	5	12	2	4	18	10	9	16	8	19	13	15	1
5	1	11	3	2	9	19	6	14	8	20	15	7	16	18	17	13	12	10	4
7	6	11	12	4	8	1	9	16	10	18	5	3	20	17	13	14	19	2	15
19	10	1	12	15	5	2	6	20	13	18	11	7	4	14	3	16	8	9	17
18	1	17	5	19	2	9	6	16	3	4	8	20	13	12	15	14	10	11	7
5	18	14	3	16	8	11	2	10	17	12	7	9	19	13	1	4	15	6	20
7	19	6	3	4	18	20	2	15	10	13	1	16	11	5	14	17	12	9	8
11	12	18	4	7	8	6	13	15	2	10	19	16	1	14	20	3	5	17	9
Due dates: 
1201	
1273	
1093	
1098	
883	
1276	
1124	
1118	
1084	
1048	
938	
1034	
1225	
1044	
807	
1183	
1349	
956	
1135	
1226	
977	
1034	
663	
1313	
1468	
1216	
1224	
985	
1252	
1033	
