20	30
Processing times: 
22	70	7	17	17	77	59	75	46	33	11	27	40	99	80	73	33	75	15	9
47	16	16	7	41	84	41	90	33	66	57	8	88	25	78	3	38	61	48	27
87	47	89	12	2	67	58	29	32	89	63	77	68	90	49	66	14	70	87	68
66	74	79	76	78	56	1	60	69	10	74	42	12	34	88	77	71	84	77	16
46	4	42	24	8	67	81	86	95	61	50	36	64	43	13	12	6	27	4	71
4	77	4	51	37	6	82	97	99	34	91	77	99	89	84	12	4	16	18	72
55	89	72	4	80	52	66	44	68	31	8	86	81	13	4	91	37	71	14	7
72	28	55	24	32	32	6	84	66	34	18	7	25	76	91	50	4	75	45	77
48	22	19	12	97	43	80	31	74	79	51	82	74	48	13	68	6	15	91	68
1	94	76	82	9	74	68	23	35	58	98	82	68	50	19	80	54	13	15	12
32	46	79	93	74	60	75	88	99	30	94	88	80	39	6	20	43	88	67	81
46	46	11	88	97	31	18	38	74	1	84	53	51	74	25	82	79	19	27	37
20	35	92	39	15	40	38	59	28	9	31	86	20	55	61	87	59	10	43	1
2	87	26	78	31	46	77	81	64	45	47	42	50	64	16	23	69	28	9	81
81	7	88	8	25	61	75	76	83	72	27	63	7	57	75	53	62	32	43	5
54	87	77	37	71	47	42	41	49	81	94	10	39	58	72	49	48	12	82	2
53	10	5	98	36	51	84	62	95	68	84	15	82	10	60	29	41	22	45	48
74	95	89	9	16	39	25	63	19	35	17	28	68	83	91	20	40	69	13	94
80	16	21	29	23	99	86	5	34	92	35	20	8	83	69	44	41	54	43	81
88	18	36	66	97	8	50	82	25	32	10	5	36	34	58	40	78	82	35	59
74	42	86	22	39	45	26	63	65	70	33	39	74	75	8	26	25	13	72	98
25	46	61	74	40	25	42	5	2	65	1	77	13	42	31	45	7	20	95	75
50	78	72	53	67	46	95	29	3	31	8	26	60	52	35	57	57	91	91	35
26	80	71	64	57	43	72	99	87	81	15	23	73	7	70	98	66	47	10	73
20	55	87	10	16	59	91	82	53	67	60	34	78	66	98	39	14	65	52	54
3	26	8	42	70	17	56	31	29	88	60	81	23	23	43	29	74	29	30	63
67	66	88	78	79	37	6	35	61	3	67	51	64	69	65	90	95	11	28	50
54	52	16	39	56	51	49	70	59	66	57	74	86	83	82	65	40	89	53	3
68	44	62	25	69	48	68	70	61	51	74	24	54	69	69	33	61	18	36	78
7	26	79	65	16	3	71	62	42	44	73	79	9	61	63	12	47	67	34	5
Routes of jobs: 
7	6	16	9	14	3	11	18	12	1	10	2	20	5	17	4	13	8	19	15
3	14	12	5	19	13	17	18	20	15	6	4	2	8	10	7	16	1	9	11
19	17	15	14	1	8	2	20	4	13	16	7	6	3	9	10	5	11	18	12
10	11	6	15	19	3	9	12	13	4	5	2	7	20	14	8	1	17	16	18
9	4	8	10	6	2	18	5	15	16	14	13	17	11	12	1	20	7	3	19
7	9	10	3	14	15	2	4	16	20	5	1	19	11	13	18	6	17	12	8
17	8	13	3	14	7	6	9	4	19	10	16	18	12	15	1	20	11	2	5
10	6	3	9	11	14	5	2	12	18	20	4	15	17	1	8	16	19	13	7
17	5	16	2	12	9	4	7	10	18	1	19	11	3	13	14	20	6	15	8
4	15	16	18	9	11	7	20	1	19	10	2	17	6	5	14	12	13	8	3
3	16	5	17	8	9	2	7	19	20	11	15	6	4	18	14	1	12	13	10
14	12	6	10	18	7	8	17	1	9	16	11	19	2	3	20	5	4	15	13
17	8	14	13	3	20	11	15	16	18	6	2	5	12	1	19	4	10	7	9
3	1	20	9	19	11	18	4	14	7	15	17	13	8	5	2	12	16	6	10
6	2	15	10	9	4	12	11	1	8	14	13	3	17	20	18	5	16	19	7
18	17	5	1	16	6	4	15	13	3	11	19	9	7	2	20	12	14	10	8
11	5	4	2	18	1	6	9	8	13	20	14	16	10	15	3	17	12	7	19
4	17	16	6	14	12	20	13	9	7	19	8	18	11	1	2	15	3	5	10
15	1	12	6	5	13	19	9	11	14	17	8	7	2	4	10	16	18	3	20
8	5	12	3	16	15	6	20	17	2	10	14	4	9	11	13	1	7	18	19
9	7	11	16	6	4	19	2	18	10	20	5	17	14	1	8	12	15	3	13
11	18	7	9	8	20	3	1	4	6	5	2	15	17	10	19	13	12	16	14
8	1	15	10	2	7	12	11	3	18	16	6	20	9	19	13	5	14	17	4
19	16	17	11	13	7	3	2	18	6	14	5	8	9	10	20	12	4	1	15
1	7	13	5	9	2	6	18	16	3	8	10	12	14	17	4	11	19	15	20
19	10	7	5	12	20	9	11	4	1	14	16	13	3	17	6	18	8	2	15
6	11	2	15	12	19	17	8	10	14	18	16	3	13	7	4	9	5	1	20
6	7	9	4	16	20	5	3	17	15	14	11	2	8	19	10	1	12	13	18
19	9	2	15	5	7	16	11	8	14	18	6	12	17	4	13	3	1	10	20
7	14	6	9	3	19	18	20	15	11	8	16	1	10	12	5	2	4	17	13
Due dates: 
974	
962	
1281	
1259	
925	
1159	
1071	
992	
1124	
1113	
1411	
1080	
911	
1063	
1100	
1158	
1098	
1086	
1060	
1033	
1095	
871	
1140	
1279	
1210	
908	
1221	
1259	
1191	
952	
