20	30
Processing times: 
36	14	56	26	85	3	69	26	17	77	42	53	66	77	41	22	53	65	14	14
74	85	20	25	84	98	80	67	55	3	24	47	9	94	57	37	59	83	93	40
39	35	4	25	39	37	62	17	79	2	87	24	88	35	92	79	8	48	26	61
23	13	45	30	50	52	17	56	22	16	79	13	84	64	51	56	27	3	25	72
94	4	63	47	63	72	75	8	20	7	30	4	78	58	33	47	80	85	75	11
79	45	14	13	10	66	60	32	88	82	98	47	31	27	48	44	50	61	95	98
32	33	7	62	15	82	41	44	95	32	91	56	53	47	70	52	93	65	59	19
75	35	4	37	44	92	53	69	1	30	75	20	99	96	44	71	5	18	94	35
19	90	53	74	86	58	16	56	79	91	60	95	75	1	79	45	42	8	41	54
88	25	72	62	5	45	11	33	88	78	24	42	47	30	56	57	97	26	92	60
79	9	48	95	62	37	45	59	81	94	66	17	23	59	32	69	49	19	53	38
15	79	61	5	73	32	26	21	16	54	70	69	18	39	64	25	75	76	21	98
61	35	8	30	14	94	69	51	84	24	33	43	57	79	31	55	46	88	57	94
15	61	4	7	87	45	98	79	57	37	72	2	97	23	77	15	80	59	73	76
66	59	60	83	88	81	61	53	38	30	63	14	90	78	64	6	20	23	42	59
92	75	95	57	6	11	6	48	97	20	68	37	28	99	15	76	79	37	79	38
51	27	27	25	16	19	42	31	82	93	74	19	85	85	10	69	9	45	58	85
34	42	1	15	16	66	45	54	46	3	10	5	30	40	81	63	47	59	69	63
19	49	48	44	11	13	98	90	15	39	45	20	20	78	12	98	79	89	98	32
20	94	88	44	62	61	32	57	1	93	99	4	45	65	58	56	44	65	73	64
15	71	39	31	32	80	54	38	51	50	58	96	96	9	65	32	19	54	7	10
53	19	68	99	77	12	81	96	46	56	41	8	93	10	75	75	85	32	80	84
96	9	42	52	66	80	45	91	31	40	12	60	99	57	68	44	16	55	6	84
98	29	75	40	81	73	70	29	85	3	89	12	1	46	30	28	82	10	18	97
21	47	2	63	57	25	25	80	70	44	7	30	62	55	68	56	1	25	5	13
41	6	7	80	93	12	54	12	38	30	68	36	19	46	71	71	94	66	99	57
57	55	46	15	61	64	19	14	49	58	54	54	50	32	40	47	70	97	50	65
53	32	2	85	17	94	46	83	63	67	46	84	34	22	24	70	63	14	76	67
25	83	87	50	60	63	86	5	11	27	8	32	16	49	20	42	59	13	86	38
64	20	31	14	50	93	72	74	13	42	18	25	83	33	21	92	48	60	4	80
Routes of jobs: 
9	11	6	14	12	18	20	19	10	16	4	17	1	13	8	3	2	15	7	5
15	19	2	3	14	10	17	7	20	18	8	9	4	11	1	12	16	6	13	5
10	7	14	11	6	16	3	9	20	2	5	19	12	8	17	13	1	4	15	18
15	4	11	17	19	2	18	1	7	9	3	12	20	6	8	16	13	10	5	14
6	17	12	10	18	11	19	16	1	20	7	5	14	3	2	15	4	13	8	9
8	10	2	3	5	7	11	19	18	9	6	1	20	16	15	14	12	13	4	17
1	13	2	15	19	7	9	18	11	3	20	6	17	12	8	14	10	4	16	5
17	15	19	12	2	11	6	10	8	3	13	16	18	9	1	5	20	4	7	14
11	20	19	16	9	1	3	10	14	4	7	8	13	12	2	5	6	17	15	18
10	15	11	20	9	13	8	7	19	3	12	1	14	16	17	2	18	5	4	6
4	5	19	16	7	3	17	8	6	13	10	18	1	9	2	11	15	12	20	14
3	5	2	16	17	4	18	7	12	13	8	19	9	14	1	15	20	11	10	6
17	20	11	10	15	13	19	3	18	16	7	8	6	12	2	1	5	4	9	14
13	4	18	5	9	10	3	12	14	6	19	11	7	8	2	16	17	15	1	20
8	1	19	20	16	3	10	2	11	7	4	12	14	13	9	5	17	18	6	15
2	20	15	8	18	1	14	12	17	13	11	10	7	4	19	9	16	6	5	3
11	18	10	17	19	5	3	12	6	16	9	4	8	1	13	7	15	20	14	2
13	12	8	10	20	17	18	7	16	14	11	5	2	9	6	1	3	4	15	19
16	18	11	5	15	2	4	19	9	17	7	3	1	8	12	13	6	14	20	10
1	12	18	11	16	6	13	10	7	4	5	2	8	15	17	3	9	14	19	20
14	7	5	9	19	13	1	6	4	10	2	15	12	17	3	16	8	20	18	11
9	7	15	13	1	10	11	3	19	20	14	6	18	2	12	8	5	16	4	17
13	17	9	5	20	10	14	7	4	3	11	6	15	12	16	2	18	19	1	8
11	19	9	16	7	8	3	1	12	6	18	13	15	10	14	4	5	2	20	17
7	17	5	16	1	13	8	11	6	14	18	4	15	19	2	20	9	3	10	12
14	20	1	6	15	9	11	18	16	13	19	4	17	12	7	2	8	3	10	5
17	19	12	16	18	5	10	2	11	6	14	4	9	1	15	3	20	13	8	7
8	1	19	17	7	14	18	6	15	12	10	20	4	13	5	9	11	16	2	3
18	17	10	2	1	16	12	6	4	19	13	15	14	3	8	20	11	9	5	7
8	2	17	18	4	14	1	20	7	11	10	9	16	19	6	3	12	15	13	5
Due dates: 
942	
1248	
976	
878	
1050	
1197	
1153	
1097	
1235	
1142	
1138	
1031	
1159	
1171	
1186	
1170	
1048	
868	
1097	
1238	
998	
1309	
1159	
1096	
832	
1100	
1097	
1147	
947	
1031	
