20	30
Processing times: 
66	66	8	92	51	59	18	39	90	48	57	40	55	72	68	35	79	55	62	17
31	69	60	36	83	4	71	28	14	95	17	51	14	42	23	52	78	23	13	95
46	85	34	90	25	12	82	27	93	53	61	82	40	98	73	35	70	59	32	92
36	29	93	92	15	30	50	70	95	62	83	61	35	31	24	16	31	75	76	18
62	73	93	72	37	71	10	45	27	46	97	70	48	26	57	16	64	83	12	89
21	9	49	73	20	20	84	50	96	43	75	52	97	16	7	8	50	26	26	5
27	6	20	76	12	93	35	60	32	21	53	81	77	83	78	6	3	45	93	52
71	83	98	87	89	71	65	44	30	84	59	32	41	49	84	43	44	37	16	24
59	23	33	60	5	90	38	53	4	56	46	70	18	98	36	62	93	58	75	8
27	42	31	45	4	24	46	67	79	57	17	17	14	96	79	7	82	86	43	3
51	72	81	72	54	33	85	8	65	62	87	4	5	45	84	52	35	49	98	15
63	86	58	81	49	86	31	39	92	46	3	54	7	46	57	91	40	57	20	96
2	34	77	79	70	84	52	11	80	65	92	43	39	35	84	20	88	32	30	5
76	48	69	36	72	37	30	56	72	46	59	62	30	1	52	89	49	48	7	48
98	59	81	86	18	60	63	83	61	12	38	46	52	89	35	23	75	50	57	71
26	65	94	69	33	12	83	89	21	14	45	73	98	40	83	2	83	59	19	84
94	97	90	59	85	73	13	11	63	42	72	20	11	80	25	38	92	63	10	2
23	46	47	6	11	57	67	88	19	95	75	54	96	4	61	9	26	30	35	95
53	61	13	2	43	77	94	25	7	64	31	79	98	91	3	59	85	87	40	80
75	81	12	93	98	74	18	42	12	98	10	34	98	74	69	33	20	56	72	95
73	38	25	92	38	91	95	2	79	41	3	99	83	18	12	71	4	66	20	53
61	24	24	22	85	56	98	5	29	73	27	99	4	99	63	25	61	51	84	30
5	17	40	88	30	3	1	96	9	94	69	72	90	14	41	50	69	38	12	1
55	19	61	61	97	76	38	69	24	62	24	94	3	5	84	43	73	76	47	91
85	98	68	57	63	58	74	52	59	47	73	79	48	38	88	85	4	44	37	75
44	32	38	93	40	56	80	90	74	82	59	91	40	26	74	7	49	88	60	35
75	73	13	4	77	5	57	98	60	99	12	14	25	86	13	93	41	1	53	54
33	75	97	31	84	49	51	30	62	67	84	45	48	62	64	87	14	76	42	71
74	98	11	96	39	31	54	49	51	40	21	19	44	76	64	43	9	30	66	17
31	77	92	27	71	82	36	33	48	91	49	39	91	47	74	17	62	28	91	58
Routes of jobs: 
6	14	4	16	20	10	11	7	13	5	3	15	9	8	17	12	1	18	19	2
14	3	16	13	5	10	4	8	6	1	9	15	7	20	2	11	19	18	17	12
9	6	3	19	18	15	1	5	12	4	17	8	7	2	13	16	11	20	14	10
14	9	1	12	4	15	8	5	19	7	20	6	3	10	11	16	18	2	13	17
9	7	3	14	17	12	16	13	10	5	20	18	6	4	8	2	11	19	15	1
2	14	11	1	3	13	20	6	18	17	19	5	16	9	8	7	15	12	4	10
3	4	17	18	11	16	14	13	10	20	9	1	19	12	15	2	6	8	5	7
13	11	18	5	4	12	3	20	9	10	14	15	8	19	16	7	17	2	6	1
11	15	4	1	8	18	20	3	12	17	7	5	19	2	14	6	13	16	9	10
1	3	4	10	9	13	17	14	5	11	7	20	16	2	6	18	8	15	19	12
2	5	1	11	16	12	17	10	20	14	15	9	7	18	19	13	3	8	4	6
7	6	10	11	1	3	4	13	12	8	14	9	20	15	17	5	18	2	19	16
14	20	12	6	3	16	15	5	4	7	11	2	13	19	10	8	17	18	9	1
11	4	5	10	18	9	1	20	3	12	13	2	19	16	6	17	7	15	14	8
5	15	9	16	12	10	11	2	18	17	6	19	7	14	20	13	8	4	3	1
5	10	19	20	4	18	16	17	6	9	12	15	1	3	2	13	7	11	14	8
18	11	14	20	1	13	15	19	3	6	12	17	8	5	9	2	16	7	10	4
20	14	10	4	7	18	8	17	6	15	16	19	1	3	2	13	9	12	11	5
10	12	18	14	4	2	11	17	1	6	8	7	5	3	19	16	15	20	9	13
18	9	14	8	5	1	7	10	17	19	12	6	11	13	3	20	16	15	4	2
18	3	8	17	7	13	15	10	4	19	1	5	6	9	2	20	11	12	16	14
1	8	17	13	4	7	20	3	11	10	19	9	14	6	12	5	16	2	18	15
11	19	5	6	13	7	10	2	12	14	9	8	18	1	3	15	20	16	17	4
15	1	6	12	10	20	11	16	3	4	5	19	18	14	13	8	7	2	17	9
12	7	19	15	17	1	18	11	10	3	8	5	20	6	9	2	13	16	14	4
19	14	11	13	2	10	1	8	3	6	17	7	18	9	15	4	5	12	20	16
15	3	20	11	12	17	10	8	16	2	6	14	5	9	19	1	4	13	7	18
1	19	9	10	13	18	17	20	16	12	3	14	4	11	6	8	7	5	2	15
19	12	10	15	5	1	17	4	9	7	14	16	8	3	11	13	20	18	6	2
17	4	10	7	3	19	12	2	5	1	6	8	13	16	9	15	14	20	11	18	47	79
Due dates: 
1185	
989	
1308	
1125	
1208	
910	
1049	
1267	
1084	
953	
1163	
1213	
1125	
1086	
1273	
1202	
1144	
1039	
1202	
1281	
1104	
1122	
923	
1213	
1356	
1274	
1049	
1290	
1026	
1259	
