20	30
Processing times: 
96	61	57	95	95	23	51	40	98	13	56	38	28	77	44	87	10	44	65	92
87	92	12	79	93	73	7	69	81	16	26	23	60	83	84	37	48	52	13	61
65	73	72	26	36	12	60	65	11	28	62	52	98	22	66	89	52	70	1	26
37	64	4	65	65	9	12	79	86	93	39	41	92	89	45	84	92	27	87	97
76	46	49	23	60	35	46	61	36	24	25	89	93	13	51	68	80	58	16	98
91	58	52	20	35	3	18	48	37	98	26	86	15	9	99	7	72	63	86	92
44	90	67	8	69	47	50	1	85	19	22	62	8	40	10	53	22	10	59	56
47	15	68	1	43	39	82	17	39	83	64	37	89	66	64	63	72	75	96	35
11	88	81	92	58	17	46	99	69	90	58	45	96	70	46	33	48	19	29	4
44	91	61	91	35	26	74	68	69	63	57	78	27	80	2	79	33	44	2	90
18	91	44	37	44	53	33	81	76	20	59	46	4	78	42	45	72	52	68	21
82	87	91	37	23	93	31	53	6	63	2	63	38	89	3	98	38	55	60	2
70	42	91	30	33	91	74	14	65	87	55	19	16	52	85	35	85	59	25	62
41	2	14	91	16	70	80	55	63	1	78	23	99	26	14	12	50	14	4	43
21	86	14	56	45	7	38	68	74	69	42	52	32	19	35	81	33	23	98	86
93	31	50	34	10	58	57	96	85	60	90	41	51	56	5	41	61	67	5	33
70	56	2	67	97	60	71	29	56	94	41	26	17	70	57	50	25	28	44	92
85	88	59	86	82	80	48	27	43	1	1	58	51	38	56	49	88	99	7	17
26	68	29	29	49	23	72	80	44	48	59	31	61	44	59	61	86	49	70	90
18	37	68	87	45	61	36	69	4	42	6	88	42	7	83	16	33	43	24	39
91	35	9	98	49	96	68	81	10	58	21	90	26	36	91	52	9	49	15	80
11	78	59	47	11	24	55	87	28	2	23	38	71	69	97	74	43	57	44	23
13	54	19	3	4	13	77	74	2	66	81	60	38	90	67	34	27	57	72	7
29	69	13	96	90	24	90	3	57	83	78	4	24	65	44	21	56	73	93	97
53	13	18	33	79	45	17	47	45	79	7	89	51	32	26	32	43	62	31	14
63	56	68	49	40	51	3	87	63	52	95	56	97	30	99	39	6	76	34	73
68	31	59	6	30	58	73	62	71	96	23	71	20	11	50	92	62	67	10	65
98	83	89	64	4	27	79	25	78	36	52	41	21	62	78	92	92	88	80	64
88	78	10	14	8	18	10	37	49	27	94	95	37	23	15	87	54	1	74	40
21	3	32	51	9	76	23	73	53	81	74	92	69	56	93	52	83	1	17	46
Routes of jobs: 
12	19	20	10	2	11	4	14	8	6	16	1	5	7	9	18	17	3	15	13
9	16	19	17	7	1	3	12	14	8	11	20	10	13	4	18	15	5	6	2
18	19	3	5	15	8	11	13	14	1	20	16	6	17	2	12	10	7	9	4
3	18	5	11	10	7	13	9	6	19	4	8	17	12	20	15	16	14	2	1
5	12	19	10	3	13	17	6	8	7	9	16	4	14	15	11	1	2	20	18
5	7	17	19	15	3	8	10	2	16	11	13	6	9	20	14	18	4	1	12
20	15	12	4	7	10	16	5	3	13	18	11	14	9	1	17	8	2	6	19
7	10	18	13	17	6	1	9	2	4	15	14	8	3	5	16	19	12	11	20
11	17	18	6	16	19	15	3	1	2	5	14	8	13	10	7	9	4	20	12
7	12	16	18	15	10	8	11	17	20	9	2	5	14	6	1	4	13	19	3
11	12	8	15	6	3	20	16	2	13	9	1	17	14	10	5	18	4	19	7
20	10	1	4	15	8	14	7	12	9	16	11	5	13	2	3	19	18	6	17
7	17	11	14	10	19	15	5	2	9	18	6	3	13	4	20	1	8	16	12
5	12	6	1	16	13	14	20	15	4	17	11	10	2	19	7	18	9	8	3
2	13	4	16	12	3	6	9	17	10	18	8	5	14	7	15	1	11	20	19
20	13	8	15	14	11	3	12	4	1	17	18	10	2	19	16	9	6	7	5
17	20	13	10	4	6	7	18	14	5	9	8	2	11	15	1	12	16	3	19
8	7	1	20	10	4	17	9	12	5	13	3	14	18	19	16	2	15	6	11
13	10	20	15	8	9	1	14	17	12	7	4	2	3	5	6	11	16	19	18
2	5	19	12	1	17	13	9	14	8	3	20	4	6	10	16	18	15	11	7
11	17	4	6	5	8	12	20	16	15	10	9	7	19	13	1	2	3	14	18
6	5	8	9	1	12	2	4	18	15	17	20	16	14	11	7	13	3	10	19
14	15	17	6	1	8	19	13	2	4	20	18	12	5	3	10	16	9	7	11
15	17	20	16	8	12	5	10	11	4	19	7	14	18	3	1	6	13	2	9
9	14	7	6	2	20	15	18	10	1	13	12	4	5	8	11	16	19	17	3
1	20	13	17	11	6	15	9	8	10	19	2	12	7	18	16	14	3	5	4
13	15	12	7	1	10	4	14	5	2	19	16	9	6	3	8	11	17	18	20
19	14	8	16	2	12	1	15	3	4	9	11	7	5	13	18	6	20	17	10
12	6	8	11	9	2	3	7	15	13	18	14	1	5	17	10	4	20	16	19
1	2	20	11	17	15	6	7	13	4	8	5	19	18	10	16	3	14	12	9
Due dates: 
1287	
1206	
1085	
1328	
1152	
1117	
905	
1205	
1209	
1226	
1083	
1116	
1199	
876	
1077	
1127	
1158	
1170	
1186	
933	
1171	
1036	
944	
1220	
898	
1251	
1128	
1379	
945	
1106	
