20	30
Processing times: 
93	40	52	95	81	51	49	17	92	68	59	6	44	8	88	26	1	57	57	74
75	31	43	83	5	45	2	32	43	50	14	22	67	49	51	35	11	75	95	24
72	63	13	12	21	64	58	92	75	13	26	29	76	13	92	80	58	30	36	51
86	95	75	60	18	11	56	93	74	97	89	5	17	91	61	43	70	68	14	51
33	67	80	9	89	95	39	9	54	99	52	92	79	40	89	84	60	4	48	82
89	63	87	52	16	6	55	9	57	63	37	27	82	66	95	29	55	70	30	60
44	11	90	8	86	58	98	96	62	31	47	35	49	44	57	90	94	79	22	63
12	24	41	42	7	64	70	17	72	63	80	7	88	83	45	68	25	8	55	83
4	9	72	35	68	33	99	14	16	98	64	37	99	25	74	93	92	8	28	37
55	34	48	23	46	83	16	5	2	76	94	35	36	78	12	95	73	79	53	10
92	7	93	4	83	39	84	46	3	17	86	11	87	96	68	75	67	31	51	83
37	13	20	70	14	74	90	61	83	25	99	95	97	4	50	98	65	83	64	51
78	60	63	41	61	81	71	75	2	36	18	40	66	93	53	24	8	27	23	66
93	47	92	94	68	29	18	4	28	58	54	28	47	11	90	87	2	2	36	84
99	8	63	47	21	64	74	96	86	29	23	25	58	6	19	64	59	46	64	95
9	35	78	75	28	21	83	22	75	75	63	98	64	39	85	16	76	94	11	46
19	87	21	88	1	46	84	65	16	29	29	38	42	57	74	38	83	61	66	86
80	43	55	14	96	66	88	20	14	77	13	16	11	12	56	74	61	56	69	86
75	25	42	57	94	10	82	74	52	72	24	18	44	98	1	81	67	29	62	63
95	13	6	28	91	28	43	99	27	21	81	83	84	60	46	86	5	79	20	18
63	56	24	43	30	22	31	64	56	62	25	85	13	76	63	51	87	21	65	1
54	1	71	76	23	90	19	97	84	27	70	38	62	94	47	22	52	21	11	97
91	67	12	75	42	38	63	92	41	14	28	84	39	49	23	58	9	19	17	46
89	44	61	63	95	70	49	99	44	68	86	86	11	13	17	85	62	80	37	2
39	42	19	81	46	87	7	58	27	97	53	21	69	97	64	47	11	43	67	11
4	13	44	27	23	25	44	39	38	31	38	95	13	19	29	37	44	77	24	39
56	91	37	36	86	2	39	19	90	43	72	87	37	39	90	33	73	88	34	66
56	32	48	6	9	57	21	56	37	75	40	93	97	5	67	24	20	15	16	21
31	30	88	45	37	38	3	97	40	29	24	30	29	45	51	58	82	51	85	37
38	77	8	48	46	89	96	50	21	38	57	26	97	70	23	18	33	34	35	69
Routes of jobs: 
6	1	7	17	3	16	20	11	13	14	5	4	10	18	19	2	8	9	15	12
18	12	17	14	2	8	5	15	11	9	3	20	4	13	7	6	1	16	10	19
16	10	19	20	2	17	18	9	1	15	14	3	8	4	13	12	6	7	11	5
14	2	20	3	11	7	9	4	1	17	10	6	15	18	16	12	13	5	19	8
14	4	3	20	2	1	16	7	19	15	6	17	18	10	12	11	13	8	5	9
7	18	15	20	8	13	4	19	6	12	9	1	2	16	17	11	14	5	3	10
1	11	16	12	18	15	6	7	9	4	10	17	13	3	2	20	19	14	8	5
10	11	9	14	17	19	16	4	7	6	2	12	15	1	8	18	3	13	5	20
5	7	20	6	3	10	17	19	8	9	13	2	16	14	18	11	1	15	4	12
18	2	13	6	3	4	9	8	7	10	20	16	15	11	5	19	12	17	14	1
18	16	12	1	8	7	6	10	5	13	11	3	15	17	20	4	14	9	2	19
14	15	3	6	1	12	17	18	16	10	19	7	20	8	13	4	5	2	11	9
4	6	14	1	15	13	12	17	3	20	9	10	16	5	8	18	7	19	11	2
16	6	19	18	7	17	14	13	4	3	10	1	2	15	9	11	12	20	5	8
11	7	20	16	5	18	9	2	13	19	1	10	4	6	14	12	3	17	8	15
4	10	17	7	8	12	15	9	19	13	6	18	20	11	3	2	1	16	14	5
14	19	6	7	9	1	5	11	8	13	2	16	4	17	20	3	12	18	10	15
6	16	2	3	20	19	13	14	17	18	15	10	1	12	11	4	9	5	7	8
9	15	7	4	12	5	13	16	2	1	18	8	6	11	20	3	19	14	17	10
11	1	15	3	17	20	18	7	4	9	13	12	8	14	16	10	2	6	5	19
18	15	2	5	8	17	1	19	20	14	16	9	3	12	11	7	4	13	10	6
15	17	18	6	5	9	11	13	4	20	3	10	19	14	16	1	8	2	7	12
2	15	3	9	14	7	13	4	6	19	18	12	11	1	8	20	16	5	17	10
8	12	4	10	9	5	19	6	15	1	11	14	2	3	16	18	20	7	13	17
20	7	10	17	18	9	15	12	8	11	19	3	4	1	2	13	5	6	16	14
3	17	18	7	4	5	12	6	19	15	16	20	1	10	8	13	14	11	2	9
14	12	17	15	7	16	2	18	1	13	6	4	3	5	8	9	11	10	19	20
11	3	7	1	20	15	8	13	19	17	6	10	16	4	12	14	2	18	5	9
16	20	12	18	19	14	5	7	9	13	4	15	2	11	17	3	6	1	8	10
1	19	20	7	12	5	6	14	3	13	18	4	2	17	9	11	10	8	15	16
Due dates: 
1164	
938	
1072	
1292	
1325	
1153	
1281	
1050	
1106	
1049	
1236	
1313	
1085	
1070	
1151	
1203	
1133	
1108	
1177	
1115	
1032	
1162	
998	
1278	
1085	
774	
1230	
875	
1024	
1071	
