15	50
Processing times: 
93	1	68	17	37	50	66	34	91	53	61	59	77	45	88
73	38	14	29	3	48	15	54	19	69	72	52	11	28	19
19	50	28	84	22	35	29	90	51	74	59	4	96	68	23
85	89	97	8	39	85	60	2	51	56	87	14	49	34	86
39	73	90	39	32	99	56	5	29	16	3	62	68	14	38
44	34	96	61	37	90	23	77	14	79	25	45	78	84	56
99	87	45	99	71	66	11	84	15	49	9	54	20	50	24
97	33	66	63	70	51	13	60	67	48	64	89	33	11	4
26	8	69	83	94	81	56	49	61	21	66	92	5	50	99
19	17	39	43	14	43	82	9	77	38	99	39	80	15	21
90	94	40	34	76	83	11	45	88	51	47	22	22	7	6
79	65	38	83	52	75	96	65	58	72	2	45	10	65	17
39	68	35	23	67	7	23	18	18	80	63	65	24	19	19
35	38	46	14	71	44	31	61	45	14	75	48	95	47	70
27	85	46	14	55	23	66	22	26	50	26	1	82	7	21
11	84	48	49	19	98	92	42	67	57	40	78	19	52	14
12	71	17	67	20	41	74	96	87	20	84	77	72	91	37
12	12	66	2	17	33	30	10	72	6	6	41	39	71	4
3	89	9	24	80	7	42	85	84	89	40	42	92	91	77
98	83	65	94	6	96	34	7	49	25	47	8	93	67	50
52	57	73	45	55	63	99	20	59	90	31	23	99	92	53
64	4	25	52	72	41	11	99	35	77	89	98	63	59	99
80	93	64	13	48	47	78	59	58	73	3	28	13	72	9
24	95	93	48	78	64	26	86	83	41	62	53	35	84	45
91	86	79	5	85	29	73	9	74	69	23	80	82	34	88
76	77	2	28	27	27	87	33	41	99	2	44	16	83	91
96	27	61	42	99	76	87	36	24	21	88	43	89	78	53
86	72	3	91	33	1	37	39	30	78	52	52	64	88	75
98	52	99	11	57	40	52	75	23	49	65	1	57	56	92
82	33	80	23	7	49	24	50	29	38	47	3	53	89	70
32	62	9	88	58	70	9	66	18	40	33	54	60	92	88
2	5	35	65	67	58	61	72	60	84	88	23	17	71	13
65	56	5	94	82	76	29	1	93	66	47	32	42	75	13
14	86	65	41	3	10	49	26	10	86	1	32	38	48	93
98	21	61	61	54	71	98	39	14	38	74	2	12	93	85
93	1	26	57	38	80	43	64	23	88	74	5	16	50	1
23	55	72	57	46	17	80	44	80	55	75	69	34	44	30
64	93	55	78	9	24	59	72	30	50	81	7	53	69	3
63	40	81	33	52	86	2	43	57	36	53	18	22	92	40
60	79	43	83	76	79	53	72	40	37	66	3	52	33	9
28	70	7	51	33	57	89	60	64	36	75	49	13	36	65
74	97	88	27	95	99	17	31	87	34	28	16	16	94	14
63	47	6	43	48	65	83	98	58	60	12	48	93	77	32
32	94	71	3	20	45	10	45	6	57	35	76	46	87	25
45	63	82	23	1	13	50	64	82	55	42	14	35	15	47
6	6	28	96	2	85	97	90	83	76	65	46	71	42	61
95	54	46	33	13	71	37	60	50	30	56	10	62	76	57
96	64	6	90	1	99	86	27	18	56	19	73	76	82	78
98	69	68	45	17	29	15	81	31	79	54	50	73	2	86
44	78	31	8	8	15	95	83	3	30	39	92	47	49	45
Routes of jobs: 
8	9	1	15	12	7	6	10	14	2	3	13	5	11	4
15	1	7	11	2	12	3	10	9	4	5	6	13	8	14
11	7	4	12	1	6	5	2	14	3	13	15	10	8	9
12	15	4	1	13	10	11	8	6	7	3	9	5	14	2
6	8	1	4	11	2	10	12	9	13	14	15	3	7	5
7	14	2	8	11	1	12	9	10	6	13	15	5	4	3
15	9	4	10	6	1	2	7	3	8	13	11	5	14	12
9	14	1	4	11	2	3	15	12	8	6	7	13	10	5
7	11	2	12	6	5	13	10	3	9	14	15	8	1	4
5	10	7	11	9	2	8	15	14	6	3	12	13	1	4
5	2	4	8	14	6	9	11	13	1	7	15	12	3	10
10	8	11	3	7	13	9	14	15	6	2	1	4	12	5
4	3	13	5	12	8	6	2	15	11	9	10	14	7	1
14	15	2	4	3	12	10	9	7	1	13	11	8	6	5
11	4	3	12	6	10	1	13	9	14	5	8	15	2	7
3	14	15	12	2	6	4	5	9	13	11	1	7	10	8
7	12	4	11	5	3	1	15	8	14	2	13	10	9	6
7	9	11	15	2	6	4	1	10	5	13	12	14	8	3
11	2	3	6	8	13	14	12	1	10	4	9	5	15	7
13	5	12	14	10	9	8	11	1	3	4	7	6	15	2
12	7	1	13	15	8	11	6	3	5	9	14	4	10	2
15	8	10	2	5	14	6	1	3	13	11	12	7	9	4
10	6	2	15	3	4	1	12	13	11	5	9	8	14	7
10	11	4	9	1	6	7	5	13	3	15	2	8	14	12
15	9	10	6	12	1	13	14	5	8	11	2	7	4	3
7	11	8	14	13	4	3	12	6	5	2	1	9	15	10
11	12	10	14	4	8	7	13	1	15	2	5	9	6	3
6	8	4	15	14	11	9	10	2	13	3	1	5	12	7
10	11	5	15	9	7	2	3	12	13	14	1	4	8	6
11	2	5	3	4	13	6	1	10	15	9	8	7	14	12
4	10	12	6	5	3	15	1	13	2	11	14	9	8	7
7	3	13	14	5	1	11	2	6	10	15	8	9	12	4
1	15	12	6	7	8	2	4	5	10	14	11	9	3	13
14	7	5	12	10	6	3	13	15	11	1	4	8	9	2
1	2	14	3	5	8	13	4	11	9	12	7	10	6	15
8	3	5	4	7	10	12	14	11	9	2	15	6	13	1
2	13	3	6	1	8	14	11	15	5	12	7	10	9	4
15	5	10	13	3	14	8	2	6	9	12	1	4	7	11
8	11	3	14	9	1	10	13	4	7	12	5	15	6	2
6	15	5	3	10	1	8	7	13	4	14	2	11	9	12
2	14	1	15	3	13	8	10	9	5	12	11	6	7	4
12	2	1	8	7	15	13	3	6	14	9	11	5	10	4
11	9	12	10	5	6	1	13	2	15	14	3	8	4	7
13	14	10	6	2	7	4	3	1	12	9	5	8	11	15
15	9	10	14	12	11	8	4	5	3	6	1	7	13	2
10	7	13	11	3	8	2	5	1	6	12	4	14	9	15
13	3	2	10	7	15	6	9	4	14	12	1	8	11	5
11	3	12	6	10	1	5	14	8	9	15	4	2	7	13
7	6	11	10	5	13	4	15	1	3	14	9	8	12	2
9	1	15	7	5	6	11	13	10	8	14	4	12	3	2
Due dates: 
1050	
680	
915	
1053	
829	
1054	
979	
962	
1075	
794	
895	
1028	
710	
918	
689	
963	
1083	
527	
1068	
1028	
1139	
1110	
923	
1147	
1134	
917	
1150	
1002	
1034	
847	
974	
902	
970	
753	
1027	
824	
977	
934	
898	
982	
917	
1022	
1042	
815	
789	
1068	
938	
1089	
997	
834	
