20	30
Processing times: 
19	85	96	47	43	84	33	66	26	41	83	77	56	66	74	17	26	97	88	24
70	95	24	61	94	4	84	63	52	47	46	66	38	90	93	10	34	50	62	49
48	31	36	99	29	36	72	74	50	25	91	15	21	56	34	21	1	30	32	60
41	31	44	99	98	39	31	50	77	86	74	35	62	66	42	48	82	48	51	84
90	68	23	25	3	90	27	16	28	74	47	30	48	25	37	5	94	86	10	66
60	80	36	22	25	50	68	55	76	84	61	80	21	2	65	99	60	32	67	29
19	9	4	63	60	24	46	2	60	28	71	38	77	99	23	72	84	36	90	63
69	2	63	52	10	98	96	13	90	78	16	79	76	75	96	42	80	32	54	67
56	14	42	31	59	4	90	40	4	77	95	85	46	4	80	87	85	40	82	48
93	42	54	62	23	10	2	53	17	33	57	65	12	3	44	49	76	25	16	23
60	26	75	71	68	51	81	63	29	58	3	29	10	4	30	79	76	54	17	98
6	60	12	22	98	26	98	43	51	26	81	74	66	23	93	51	68	85	53	52
7	71	90	41	10	35	13	35	78	41	92	41	32	76	30	95	18	76	28	67
41	32	18	64	11	74	21	72	78	98	28	47	88	65	31	4	26	93	74	37
63	35	99	28	92	84	90	38	89	16	22	37	29	72	40	12	4	84	10	84
16	69	75	74	68	71	78	57	65	56	41	30	67	38	24	10	71	86	6	25
11	87	46	93	57	53	79	13	32	25	79	45	62	39	22	90	13	90	3	36
84	64	92	15	1	89	87	10	3	96	13	9	49	70	39	75	51	6	32	21
33	45	70	9	85	47	70	93	90	40	40	98	14	46	70	93	69	2	45	19
88	21	87	58	70	66	42	13	85	91	70	30	22	61	32	41	41	94	36	92
19	51	8	94	72	99	18	39	30	61	19	74	2	77	66	28	23	14	92	90
96	92	34	10	68	94	62	83	26	87	29	95	30	49	43	85	1	60	80	48
42	14	55	97	65	63	74	63	67	48	63	81	8	7	22	43	53	22	93	89
14	2	8	22	93	59	15	9	10	81	85	62	70	64	93	26	30	6	86	27
10	39	56	23	44	93	90	99	80	47	38	15	41	26	48	52	75	65	4	57
46	78	10	13	32	63	71	66	40	13	50	97	41	95	58	57	63	42	56	31
88	2	34	19	86	90	84	40	52	66	76	62	27	28	5	72	54	46	57	66
98	44	33	20	74	30	4	88	19	85	81	29	72	79	54	37	95	11	11	2
48	34	25	26	53	97	26	23	36	17	65	97	5	13	71	32	26	6	47	57
22	87	89	41	70	35	95	62	57	52	18	94	60	34	87	22	96	59	81	90
Routes of jobs: 
3	9	7	1	5	16	17	14	6	13	11	8	15	20	2	4	19	18	10	12
1	11	14	4	3	8	2	17	10	18	19	16	12	9	20	6	5	13	15	7
1	20	12	10	16	4	14	19	2	6	8	7	11	5	15	9	13	3	17	18
8	20	11	12	10	15	7	13	17	14	6	16	5	4	18	9	2	19	3	1
1	7	12	2	4	17	20	13	11	8	6	3	16	5	19	15	10	9	14	18
18	9	20	17	1	13	14	15	4	3	2	11	8	10	16	5	7	12	19	6
19	2	10	12	18	1	3	7	17	11	5	15	20	13	16	8	4	6	9	14
15	10	12	9	3	17	5	2	20	7	1	8	16	19	13	18	14	4	6	11
4	15	10	1	12	11	5	13	6	17	3	2	14	8	18	20	7	19	9	16
14	8	10	1	4	9	12	5	6	15	16	7	3	18	2	11	20	19	17	13
5	18	3	9	12	20	19	14	13	4	2	11	6	16	15	10	17	7	8	1
7	1	13	19	2	15	20	17	11	9	18	12	3	14	8	5	6	16	4	10
3	8	14	1	20	5	10	12	17	4	6	7	15	19	13	16	11	2	18	9
15	4	7	8	9	13	16	6	17	5	1	18	2	19	3	20	11	12	10	14
19	12	3	4	6	5	16	14	20	7	2	15	1	13	9	10	17	8	11	18
11	14	17	9	18	12	8	6	15	16	7	4	1	20	19	3	5	13	2	10
3	11	20	8	19	5	7	6	1	12	14	2	10	13	9	17	15	4	16	18
2	14	12	3	4	19	18	10	17	7	13	16	1	5	8	15	9	6	11	20
19	11	13	17	2	12	9	20	10	18	6	3	14	15	8	7	16	1	4	5
8	9	15	12	11	14	7	17	20	3	19	4	6	5	2	13	16	1	10	18
12	7	18	9	5	13	2	1	20	10	17	19	3	4	11	16	15	8	6	14
17	20	5	6	4	19	16	9	14	1	11	15	12	2	13	3	10	7	18	8
4	5	3	10	8	17	1	6	14	12	9	15	19	11	18	7	13	16	2	20
8	3	15	6	7	10	11	16	4	17	19	13	12	18	1	9	5	14	20	2
18	12	19	8	13	5	11	4	9	14	3	10	16	20	7	2	17	15	6	1
2	5	11	8	1	10	15	6	3	19	7	4	20	17	12	13	16	18	14	9
11	15	13	7	19	3	14	9	10	20	12	16	18	8	1	6	17	4	2	5
15	14	2	6	18	3	5	19	4	13	20	1	11	10	12	9	8	16	17	7
6	12	17	13	16	11	1	3	15	5	9	2	19	10	18	8	20	7	4	14
20	15	5	9	1	2	16	10	4	13	7	14	18	8	12	17	6	3	19	11
Due dates: 
1263	
1246	
948	
1307	
982	
1180	
1065	
1307	
1176	
835	
1081	
1197	
1074	
1103	
1131	
1130	
1073	
997	
1186	
1254	
1074	
1290	
1176	
949	
1103	
1125	
1160	
1063	
885	
1377	
