15	50
Processing times: 
10	19	40	1	91	25	67	6	26	34	88	87	45	40	50
20	52	83	75	64	23	84	53	92	8	7	56	92	40	7
86	32	64	55	99	86	51	30	64	53	39	8	22	53	87
69	28	41	13	68	78	4	51	34	68	37	10	50	19	64
79	25	93	29	19	74	47	40	50	37	91	23	50	82	40
49	67	33	19	44	12	64	79	15	77	26	79	32	12	90
8	28	84	95	79	28	75	45	56	20	67	18	27	93	44
41	2	21	79	45	91	1	24	40	75	12	32	35	90	60
64	23	81	9	70	29	61	51	51	29	27	68	82	30	25
91	86	16	63	31	62	15	77	87	38	14	87	19	94	44
30	65	13	68	2	92	76	1	77	64	80	36	99	13	21
14	64	51	9	21	53	99	68	82	5	41	57	28	24	91
63	93	46	27	51	22	55	76	77	12	61	14	77	96	84
99	19	64	99	86	79	60	82	47	58	44	15	35	51	72
37	41	24	78	94	12	32	21	82	28	30	49	96	66	37
27	63	35	52	71	62	20	16	64	80	57	34	74	13	80
72	98	50	45	73	82	3	53	4	86	54	76	55	38	53
22	30	17	53	50	86	18	1	35	93	90	5	88	11	65
28	4	11	87	62	59	36	57	34	5	76	83	91	46	64
67	20	95	52	37	88	66	87	77	38	56	78	55	28	55
6	19	65	5	68	26	93	46	49	23	83	61	88	68	62
52	25	33	14	29	61	17	82	19	37	77	41	47	45	51
68	23	18	65	89	10	98	61	38	64	91	36	66	32	24
86	90	44	60	22	83	94	14	80	46	20	13	39	67	17
4	21	59	50	75	41	79	36	54	72	94	46	18	81	45
77	97	61	61	93	97	86	15	73	28	1	80	89	52	30
15	27	35	47	79	26	72	89	35	52	17	92	5	20	49
3	93	56	82	58	65	82	5	5	92	30	35	17	4	78
30	55	85	50	29	77	67	55	45	6	48	46	9	31	41
23	67	33	27	78	64	5	16	6	44	43	49	12	17	85
50	56	80	54	8	70	83	18	31	4	90	87	1	5	61
22	15	4	40	69	98	44	77	23	14	96	90	90	78	71
94	30	51	86	69	52	11	29	37	70	34	13	10	61	48
7	74	14	65	19	17	4	5	27	93	91	9	69	35	5
40	89	73	92	58	68	97	94	77	43	52	8	41	21	56
71	43	11	65	11	15	46	78	3	27	33	87	97	59	37
68	96	30	84	2	81	57	7	70	39	62	94	96	38	46
96	34	71	88	10	99	48	57	31	93	33	84	28	32	72
96	15	31	93	21	40	99	60	63	95	45	33	83	11	75
47	71	37	59	72	64	61	52	20	13	11	26	28	91	27
31	76	4	35	18	50	16	52	85	43	44	21	72	24	12
71	30	58	71	87	74	33	26	3	75	87	14	33	52	38
42	39	8	26	26	9	1	83	85	11	81	72	87	41	44
73	59	4	25	68	3	72	69	50	62	22	77	1	4	94
59	45	39	64	35	42	16	88	9	88	85	54	63	21	76
66	23	28	12	22	65	9	27	25	75	85	19	41	20	25
28	96	37	58	94	40	42	41	20	80	29	12	81	8	28
83	17	26	78	95	45	16	53	12	50	6	87	44	5	63
13	85	49	73	48	44	84	85	1	12	3	39	75	73	45
3	15	40	77	43	91	51	17	71	33	83	61	68	14	97
Routes of jobs: 
6	1	3	15	13	5	8	14	2	11	12	7	10	4	9
8	3	2	9	13	10	4	12	14	15	1	7	5	11	6
5	7	6	14	1	8	15	12	10	11	13	4	9	2	3
10	14	4	12	15	13	7	2	1	5	11	6	3	8	9
12	9	2	10	3	6	7	13	8	14	4	11	1	15	5
10	4	5	8	12	3	14	6	9	13	7	11	15	1	2
2	3	4	6	14	11	7	1	9	5	13	12	8	10	15
2	15	11	13	5	9	8	14	7	3	10	4	6	12	1
7	14	3	5	13	15	4	6	11	10	12	1	2	8	9
12	14	1	11	7	10	2	3	15	4	6	9	8	5	13
10	11	6	13	8	1	15	7	2	3	12	5	9	14	4
13	6	2	14	3	9	7	5	8	11	1	4	15	12	10
5	2	9	11	6	13	7	14	8	4	10	1	15	3	12
14	13	3	6	12	8	10	15	7	1	9	11	2	4	5
12	8	15	3	13	7	5	1	10	11	2	14	6	4	9
15	6	10	12	4	1	13	2	5	7	11	9	8	14	3
1	10	3	6	14	5	2	15	7	4	11	13	9	8	12
12	7	1	6	11	13	3	15	14	2	8	9	10	4	5
8	11	5	1	13	15	12	10	6	4	3	14	2	9	7
5	10	13	11	15	4	8	12	3	1	9	2	7	14	6
4	11	15	6	7	8	2	3	5	14	13	10	9	12	1
11	13	14	3	2	1	6	7	12	9	10	4	8	15	5
6	3	1	14	2	7	5	10	9	12	11	4	15	8	13
12	5	7	11	13	9	3	8	10	15	2	1	14	4	6
12	15	10	14	3	1	5	2	9	11	13	7	6	8	4
15	1	9	2	12	13	14	3	10	5	8	7	4	11	6
4	2	13	12	5	8	7	11	10	3	14	6	15	9	1
13	15	11	1	6	14	2	12	5	4	7	9	3	10	8
5	11	14	7	1	12	8	10	15	13	9	2	4	3	6
4	6	3	10	14	12	13	7	11	5	9	1	15	2	8
2	7	8	6	12	4	13	10	3	11	14	5	15	1	9
6	5	11	10	1	7	4	2	8	14	13	12	15	9	3
12	14	7	6	2	9	15	1	4	13	5	10	8	11	3
12	10	3	2	13	1	9	14	11	6	15	7	5	8	4
13	9	7	5	15	14	1	10	2	4	8	6	11	12	3
1	5	13	7	15	11	6	8	4	14	2	3	10	9	12
7	12	14	6	3	13	1	5	2	11	9	4	8	10	15
6	7	12	1	3	13	5	9	8	10	14	11	15	4	2
3	7	14	8	6	1	10	5	15	11	2	13	9	12	4
8	3	9	10	1	7	5	2	12	15	11	4	6	14	13
8	12	15	13	5	14	6	9	3	11	4	10	2	7	1
10	8	13	5	11	2	9	14	15	4	1	3	12	7	6
9	15	10	11	8	7	5	13	2	3	12	1	4	6	14
15	8	10	6	11	7	5	13	3	14	9	1	2	12	4
15	9	14	5	10	8	11	1	13	2	6	3	4	7	12
9	12	2	5	10	15	1	4	6	13	11	8	7	3	14
11	12	14	4	10	5	3	13	7	15	6	9	2	8	1
15	13	7	11	5	2	14	12	3	6	8	9	4	1	10
1	15	10	2	5	12	4	14	7	3	11	9	13	8	6
12	4	1	14	9	15	3	8	11	13	6	7	10	5	2
Due dates: 
787	
945	
1037	
793	
974	
873	
959	
810	
875	
1030	
922	
884	
1068	
1138	
909	
935	
1053	
830	
929	
1124	
953	
788	
979	
969	
969	
1175	
825	
882	
843	
712	
873	
1039	
869	
668	
1137	
854	
1088	
1095	
1075	
849	
729	
940	
819	
854	
980	
678	
868	
850	
912	
955	
