15	50
Processing times: 
24	13	65	52	50	76	53	19	20	30	42	86	29	82	10
76	19	61	77	87	76	99	38	34	73	61	34	98	51	44
15	27	75	57	63	80	35	80	98	29	38	55	56	15	54
72	16	59	67	96	56	66	70	65	95	14	58	73	6	88
12	78	98	21	42	76	68	92	46	3	10	75	97	55	67
55	97	38	76	20	30	54	67	16	70	80	76	93	45	84
7	92	84	53	33	19	11	52	78	37	2	81	36	69	79
62	66	26	68	60	93	63	28	46	78	58	47	17	38	6
21	64	66	8	16	72	95	85	94	20	37	4	51	61	19
67	84	38	2	24	95	71	71	60	65	50	77	45	50	52
91	96	42	38	38	32	55	56	4	47	84	86	74	72	6
94	40	7	89	57	53	16	81	13	18	84	49	74	96	70
88	66	36	45	23	74	71	75	71	78	27	79	52	14	88
82	53	28	78	37	47	69	42	54	34	13	46	24	20	86
53	56	77	37	88	81	8	79	46	52	98	72	21	75	12
12	10	98	15	55	48	91	11	28	42	13	85	15	21	24
44	46	79	13	48	78	67	72	87	64	21	58	75	86	10
32	73	70	30	91	63	33	38	42	82	71	70	78	15	80
6	27	79	59	77	99	27	26	61	11	20	66	96	55	48
57	47	84	84	92	4	62	23	56	99	68	5	31	83	31
24	43	48	79	40	57	90	83	8	99	29	8	40	64	57
77	53	1	99	39	81	58	94	41	93	61	24	32	31	48
42	39	60	41	40	45	14	27	8	29	89	92	74	97	16
14	28	10	6	27	57	54	62	57	98	32	32	21	61	66
6	13	33	88	92	20	79	63	29	97	66	59	2	83	20
36	35	70	34	60	63	90	94	56	27	49	93	27	39	44
19	13	54	69	56	32	80	30	49	74	79	25	69	9	51
37	92	59	11	41	68	3	6	3	54	98	82	21	61	95
79	15	44	91	93	38	90	21	42	40	15	24	97	34	27
74	69	81	7	71	6	32	15	28	6	53	73	65	29	37
45	87	27	76	64	35	4	57	43	98	62	49	44	75	38
93	78	92	44	20	83	51	68	91	7	97	69	97	94	58
80	80	22	51	71	25	13	7	88	26	83	73	73	39	58
77	19	9	60	19	87	60	48	86	50	7	19	14	52	97
4	86	56	86	49	16	46	93	87	39	22	1	71	4	84
39	84	98	95	22	48	28	27	21	55	80	10	89	87	76
69	80	59	98	76	12	4	58	24	86	45	89	17	30	81
22	5	28	18	46	88	10	90	80	53	41	98	28	12	25
93	19	83	58	61	7	88	17	81	69	76	12	71	61	28
21	20	89	38	91	49	42	26	89	80	10	15	49	45	59
86	2	20	17	48	46	6	43	16	51	74	81	74	64	15
47	98	32	35	81	96	42	15	35	92	55	98	61	74	30
44	8	53	45	71	65	87	4	35	9	30	56	67	68	90
62	31	14	43	21	58	82	85	88	33	39	70	63	82	57
71	99	78	83	88	9	50	38	76	85	97	19	68	51	25
3	57	75	95	6	31	79	86	95	87	66	35	68	17	18
68	71	84	64	53	67	44	1	63	27	10	21	50	13	76
56	77	40	82	75	92	17	72	10	12	48	5	3	13	33
25	86	32	31	14	58	31	62	41	55	44	13	53	33	63
8	95	44	38	6	95	87	47	42	72	93	92	38	98	55
Routes of jobs: 
12	2	3	9	6	14	11	15	5	13	10	7	4	8	1
2	1	4	10	6	5	11	14	3	7	8	13	9	12	15
10	8	5	1	3	2	9	11	4	6	13	15	12	7	14
1	13	4	12	11	3	14	8	15	7	9	5	10	6	2
4	2	10	6	11	9	3	1	14	8	5	7	15	12	13
6	5	11	9	4	14	2	10	7	3	12	15	1	13	8
12	4	10	3	5	14	8	7	11	1	15	13	9	2	6
8	10	1	13	14	2	4	15	5	6	12	7	3	11	9
15	12	3	13	14	5	6	10	8	7	11	1	9	2	4
13	2	15	11	12	3	9	4	14	10	8	1	6	7	5
6	15	3	13	8	4	7	11	2	12	10	5	9	14	1
8	12	2	5	7	3	9	10	14	11	6	15	1	13	4
9	2	4	11	12	8	7	1	14	3	15	5	13	6	10
12	7	13	14	5	2	1	10	9	6	11	3	4	8	15
9	5	4	14	2	3	13	7	10	1	15	6	12	8	11
9	3	6	4	5	13	15	2	10	11	7	14	1	8	12
1	11	5	8	7	15	12	10	3	6	2	14	13	9	4
2	9	7	3	10	5	14	12	11	4	15	8	6	1	13
13	6	12	3	8	4	15	2	9	5	14	10	7	11	1
15	9	5	6	1	3	12	10	2	7	14	11	4	8	13
4	5	14	12	8	13	7	10	15	6	9	2	1	11	3
8	9	15	6	3	1	2	10	11	13	7	5	14	4	12
7	12	15	8	13	10	9	1	2	3	5	14	4	11	6
10	3	4	15	9	2	11	5	14	12	7	6	8	13	1
3	12	2	10	1	5	13	6	9	7	8	14	4	11	15
2	12	9	1	13	4	11	15	8	14	3	5	7	6	10
6	4	12	13	15	3	11	9	14	7	10	1	5	2	8
8	9	3	6	14	5	10	7	15	11	13	1	4	12	2
3	1	12	6	8	13	11	14	10	7	2	9	5	4	15
8	12	10	1	7	9	5	13	3	4	15	6	2	14	11
15	3	9	11	8	5	4	2	10	1	12	6	14	13	7
7	9	8	12	5	3	4	2	11	14	10	6	1	15	13
14	3	2	15	7	1	13	12	5	11	6	8	4	10	9
1	4	15	8	10	3	11	5	12	7	9	2	6	13	14
5	4	12	14	8	6	1	9	7	13	3	2	15	11	10
8	14	5	9	13	15	11	12	1	6	3	10	2	4	7
13	11	5	2	9	6	10	3	12	1	15	7	4	8	14
1	6	5	15	14	2	3	11	10	9	13	7	12	8	4
3	12	10	2	8	15	1	6	13	4	7	14	5	9	11
13	4	11	7	10	1	3	12	8	15	9	5	2	14	6
6	11	13	1	9	8	7	10	12	2	3	5	15	4	14
7	14	8	10	4	2	15	5	12	13	3	11	6	9	1
5	9	10	8	7	3	6	14	4	12	11	1	15	13	2
2	8	9	3	13	10	12	5	15	11	4	7	6	1	14
8	5	9	11	4	14	3	13	1	2	10	15	6	7	12
3	15	13	8	5	14	6	10	1	4	2	9	11	7	12
8	3	12	14	9	11	5	13	10	1	4	6	15	2	7
10	15	2	3	13	12	5	8	6	11	1	4	7	14	9
13	1	11	5	9	10	8	12	4	3	6	2	15	7	14
12	4	6	11	2	7	15	14	13	1	5	3	9	10	8
Due dates: 
814	
1160	
972	
1127	
1050	
1127	
917	
945	
892	
1064	
1027	
1052	
1109	
892	
1069	
710	
1060	
1085	
947	
1033	
962	
1040	
892	
782	
938	
1022	
887	
914	
938	
808	
1005	
1303	
987	
880	
930	
1074	
1035	
805	
1030	
904	
804	
1114	
915	
1035	
1172	
1023	
890	
794	
802	
1138	
