15	50
Processing times: 
44	17	62	78	94	64	74	38	10	47	38	29	55	75	60
87	59	38	28	53	7	9	18	58	38	44	40	67	96	64
51	55	43	11	21	93	49	93	58	42	72	78	46	13	72
24	4	25	82	85	17	7	47	38	39	93	49	64	52	69
80	52	37	3	14	1	46	7	53	48	85	48	25	69	84
62	14	49	84	42	86	63	86	25	54	7	16	23	83	62
97	99	39	79	56	47	2	97	83	3	34	98	8	44	43
94	63	96	13	40	58	74	24	64	58	14	64	64	61	84
92	28	89	43	87	96	4	55	23	19	23	42	99	71	93
6	93	35	31	56	13	88	72	50	4	66	26	17	62	46
45	7	93	81	2	28	17	51	52	74	65	74	48	10	97
35	39	85	91	93	38	35	99	9	6	3	51	85	55	15
94	30	49	7	84	29	14	25	47	54	90	53	14	50	28
2	86	26	63	82	16	11	34	1	86	70	43	26	8	49
81	9	55	19	68	70	57	30	90	38	57	98	27	76	54
24	95	91	57	71	71	84	49	94	74	18	22	33	73	81
86	5	94	1	68	50	53	14	82	80	42	1	72	48	64
19	45	50	14	3	82	4	55	94	76	64	69	32	20	48
53	33	90	13	73	48	52	57	71	13	55	95	49	32	8
72	1	8	63	7	5	30	71	74	79	36	71	31	79	43
93	96	93	88	4	12	34	11	17	20	74	70	13	52	83
87	39	84	69	65	19	82	48	87	87	1	58	90	22	81
57	17	58	27	48	38	77	92	11	21	70	69	47	91	70
92	17	6	58	47	90	33	25	22	97	40	63	95	17	20
87	80	3	97	53	38	28	31	47	4	46	11	70	54	44
82	50	60	15	66	55	25	44	94	73	78	96	22	18	4
91	10	87	65	12	73	17	6	85	29	54	72	43	48	29
48	41	44	99	14	9	21	70	87	66	37	82	29	56	10
28	64	87	51	52	85	85	59	44	80	51	11	63	68	85
32	38	90	18	9	33	43	59	52	91	57	38	15	18	79
14	31	96	95	83	68	7	91	49	32	93	88	11	2	2
22	39	25	25	84	49	68	18	20	7	93	93	64	56	61
96	13	58	20	5	26	26	6	20	4	60	37	2	45	52
49	36	25	28	46	23	35	8	67	45	46	13	4	16	6
12	84	62	79	98	44	25	25	29	17	12	39	58	25	57
3	43	4	87	64	36	80	22	20	59	26	45	39	99	72
39	48	55	75	64	22	43	91	7	66	22	43	59	38	80
50	75	50	68	33	99	32	46	10	81	93	29	13	98	13
60	14	54	11	98	4	56	17	18	28	85	57	82	99	4
79	91	23	21	91	52	48	1	23	88	6	73	12	1	3
36	40	39	14	80	24	49	27	89	4	68	77	98	14	74
61	48	56	8	76	25	43	67	10	92	67	33	51	45	98
45	38	79	35	24	1	51	88	94	91	48	2	49	8	86
44	6	31	49	11	44	98	81	42	98	77	9	55	29	9
47	87	50	40	85	86	18	48	91	94	98	86	56	75	46
44	53	99	95	32	33	68	22	49	96	8	87	78	6	62
86	97	16	33	47	93	11	82	7	18	29	17	56	80	82
17	9	17	65	88	37	53	40	35	24	71	52	30	81	2
65	90	38	97	96	14	85	73	95	87	10	18	17	4	58
69	64	77	3	75	99	74	56	29	96	83	64	19	18	38
Routes of jobs: 
2	13	3	7	11	1	12	10	5	8	6	14	15	4	9
8	2	1	12	5	10	11	3	6	7	14	13	9	4	15
10	4	6	11	9	7	13	5	8	1	14	15	12	3	2
11	8	4	13	9	1	6	7	12	2	15	10	3	5	14
12	1	10	4	8	14	9	7	6	2	3	13	15	11	5
3	5	15	8	2	9	1	7	6	11	14	4	10	13	12
5	4	8	11	10	9	3	14	15	12	2	7	6	1	13
14	15	3	13	6	9	11	5	1	4	8	12	2	10	7
15	7	2	4	1	8	5	10	11	9	13	3	12	14	6
5	4	8	7	1	9	11	2	12	13	14	10	6	15	3
2	4	15	9	3	6	10	7	13	1	8	11	12	5	14
13	3	5	7	12	10	4	8	9	6	11	15	2	14	1
7	15	3	12	1	4	13	6	2	9	14	10	8	11	5
6	12	5	1	10	11	15	13	4	8	2	9	3	14	7
9	4	15	13	10	11	5	6	14	8	3	12	2	7	1
12	5	14	1	15	6	10	11	13	7	4	3	9	2	8
15	1	6	5	11	2	9	10	13	12	4	14	8	7	3
15	14	2	10	9	13	7	11	1	12	8	5	4	3	6
11	1	13	5	8	2	7	6	4	3	10	9	12	14	15
3	9	11	1	12	15	7	2	5	8	14	13	6	4	10
4	15	12	8	1	10	13	14	5	9	2	11	6	7	3
10	9	8	2	1	4	7	15	3	5	6	11	14	12	13
11	15	7	10	14	6	8	1	13	12	9	3	4	2	5
13	3	1	6	14	10	7	15	2	9	4	8	5	11	12
5	2	15	8	7	3	11	1	12	6	14	4	9	13	10
1	15	12	5	7	2	11	9	4	14	10	13	8	3	6
5	4	1	11	7	10	6	15	8	2	13	3	12	14	9
8	10	3	5	15	11	9	2	4	14	12	1	6	13	7
7	11	12	15	10	1	2	3	8	9	6	4	13	5	14
9	13	15	8	12	1	11	14	3	7	4	10	6	5	2
10	6	13	8	15	2	1	7	4	5	3	9	14	11	12
5	6	11	2	1	3	9	10	15	13	7	14	12	4	8
10	8	1	11	14	15	9	13	2	3	5	7	12	4	6
2	9	1	13	6	12	3	5	8	15	10	7	11	4	14
15	9	6	10	7	1	14	4	3	13	8	5	2	12	11
6	13	9	15	1	2	11	4	10	5	8	3	14	7	12
5	1	12	15	6	2	7	8	10	13	9	4	11	3	14
8	3	11	15	7	4	9	1	2	14	5	13	6	12	10
9	7	6	3	8	4	1	14	15	10	2	11	13	12	5
3	12	15	1	7	8	14	6	13	9	11	2	5	10	4
10	13	8	9	12	15	6	11	14	2	3	1	5	7	4
13	11	1	14	5	9	4	2	8	10	7	15	12	3	6
15	8	9	5	7	14	6	10	4	1	2	3	13	11	12
15	7	4	12	2	3	11	6	9	10	13	8	5	14	1
13	4	1	12	5	3	8	2	7	11	9	6	14	15	10
3	8	1	5	6	11	14	2	12	4	10	13	9	15	7
7	4	1	9	11	10	5	8	3	14	15	12	2	13	6
9	3	6	11	7	8	1	12	2	10	5	15	4	14	13
6	12	4	13	8	7	3	1	14	10	15	2	5	11	9
4	12	6	7	2	3	11	9	14	15	13	10	5	1	8
Due dates: 
982	
883	
997	
869	
815	
945	
1037	
1089	
1080	
832	
930	
924	
835	
754	
1037	
1172	
950	
844	
928	
838	
950	
1149	
992	
903	
867	
978	
902	
892	
1142	
840	
953	
905	
588	
559	
833	
874	
940	
988	
859	
765	
917	
975	
924	
854	
1259	
1040	
943	
777	
1059	
1080	
