15	50
Processing times: 
30	18	34	16	85	83	32	94	30	46	73	30	71	88	78
17	33	14	58	37	78	63	14	51	87	22	55	71	73	6
26	40	9	22	97	79	10	89	44	1	77	48	3	39	48
92	57	54	21	66	73	96	3	21	39	88	61	98	79	39
30	3	77	65	93	47	91	90	93	5	88	64	79	39	26
61	52	6	22	82	92	48	73	49	32	16	38	18	55	76
28	29	89	99	25	41	16	61	59	93	47	38	68	46	93
52	8	50	98	79	41	24	23	30	15	66	57	68	77	11
71	26	92	3	41	95	18	26	11	86	47	14	79	93	36
68	74	93	74	69	16	33	56	38	79	14	8	92	70	64
48	53	45	49	74	44	78	3	53	83	52	6	28	87	84
98	63	96	17	90	54	90	73	64	71	48	58	16	64	9
16	11	2	52	60	13	5	95	58	86	47	34	65	14	29
21	39	35	29	6	64	39	90	93	42	29	77	36	57	52
53	98	23	45	49	33	84	85	64	48	11	44	31	85	17
33	89	48	20	95	57	8	19	21	36	65	37	93	4	2
51	57	69	74	95	79	37	82	75	20	49	38	78	97	73
68	91	5	50	32	48	39	81	32	68	92	74	27	60	59
82	63	18	32	69	82	76	39	72	90	4	54	79	81	72
98	97	37	95	93	56	46	85	7	78	71	69	47	41	64
65	64	28	46	27	53	6	71	12	15	61	89	56	35	9
86	86	72	13	69	39	98	28	32	64	21	86	50	8	90
96	82	2	4	27	43	35	73	97	21	78	95	76	73	89
19	17	55	53	89	40	3	3	14	40	69	50	20	41	30
9	75	67	4	8	70	38	1	99	49	43	74	31	9	1
85	90	94	15	73	50	81	26	91	10	58	32	78	1	7
58	95	31	99	89	92	18	42	95	7	81	47	53	94	52
13	57	45	71	16	90	25	52	72	11	21	27	34	89	27
40	44	17	94	39	49	52	17	79	44	70	1	67	1	8
98	38	53	98	41	63	2	68	28	75	14	21	8	65	1
5	40	27	93	65	93	7	39	42	8	29	27	57	17	77
39	18	17	93	8	57	66	76	28	21	2	82	66	77	94
75	13	48	13	39	16	69	39	35	75	85	55	45	55	85
85	82	13	89	34	10	95	38	4	10	84	88	65	25	50
75	74	84	71	54	53	86	11	72	27	89	60	25	17	86
16	66	24	6	81	26	68	41	2	87	86	71	32	34	69
22	16	45	56	8	62	20	84	87	59	53	81	43	3	22
28	23	66	27	49	46	49	64	43	12	95	38	31	49	18
20	22	90	84	14	36	5	80	99	93	67	58	37	13	55
98	88	38	95	87	69	99	85	75	39	77	57	82	96	52
9	89	82	81	16	40	74	27	33	33	15	78	58	79	28
64	92	8	48	75	29	69	33	83	19	97	74	98	3	39
68	87	88	72	84	26	11	95	94	90	8	17	53	92	6
97	96	29	68	96	69	95	90	67	53	23	18	54	49	18
78	44	69	25	48	77	1	70	14	25	95	25	53	64	39
3	80	70	59	43	54	54	59	29	62	89	3	59	79	8
38	15	18	76	21	82	84	53	18	74	59	61	11	58	10
22	7	89	39	44	41	41	83	54	87	86	7	70	55	73
5	59	22	59	68	99	41	27	62	80	30	37	60	76	4
24	95	67	85	8	15	73	52	12	39	16	62	61	9	53
Routes of jobs: 
12	4	13	1	15	10	2	7	3	14	8	5	6	9	11
3	9	15	2	1	11	7	13	8	10	4	5	12	14	6
14	1	6	7	15	12	5	4	8	10	13	9	3	11	2
14	5	10	12	2	7	13	3	11	4	1	8	15	9	6
10	4	5	8	12	1	9	11	7	6	15	13	2	3	14
3	1	6	4	13	2	5	7	10	8	9	11	15	14	12
7	2	10	3	8	11	5	12	1	14	15	13	4	6	9
3	14	15	5	4	11	8	10	7	6	2	12	13	1	9
8	15	13	3	14	9	7	1	2	6	12	10	5	4	11
11	6	8	4	13	7	3	1	14	9	15	10	12	5	2
14	5	15	7	4	3	6	9	10	13	8	1	12	11	2
10	15	8	7	12	13	5	6	11	14	4	2	9	1	3
9	11	8	12	14	2	3	4	15	13	10	5	6	7	1
6	11	3	5	8	10	13	4	14	2	15	7	9	1	12
14	2	12	8	4	9	6	5	3	7	1	15	10	13	11
4	5	8	10	9	6	12	15	13	3	7	11	1	14	2
11	4	10	15	1	8	14	13	7	12	5	9	2	3	6
10	13	14	15	7	3	5	8	1	9	12	4	11	6	2
8	4	7	13	14	15	1	6	9	2	12	3	11	10	5
4	12	13	5	7	1	14	9	6	10	8	2	11	15	3
5	3	2	4	14	11	13	9	15	6	8	7	12	1	10
8	9	6	4	14	1	11	13	12	7	3	2	5	10	15
9	14	15	6	13	12	11	10	3	4	8	1	7	2	5
1	10	2	9	7	13	6	8	5	4	3	14	11	15	12
9	6	8	3	7	12	14	5	10	1	2	15	13	11	4
11	12	4	9	3	8	15	5	2	6	1	7	10	14	13
12	1	6	9	10	5	2	7	3	4	15	11	14	13	8
12	1	9	3	2	7	14	10	15	13	11	5	6	4	8
3	13	8	5	14	9	1	10	6	12	2	4	11	7	15
9	4	7	2	13	8	12	5	10	3	11	15	14	6	1
3	7	8	14	9	4	2	11	15	12	10	6	13	5	1
14	6	3	13	2	7	5	1	4	9	8	10	12	11	15
1	14	5	11	15	8	9	2	4	10	7	6	12	13	3
5	14	11	6	9	3	2	4	7	15	13	8	12	10	1
10	14	4	6	13	15	7	2	5	11	3	8	9	12	1
13	7	12	5	2	10	9	6	1	14	3	15	11	4	8
4	11	5	14	10	8	15	13	12	9	3	2	1	6	7
14	13	2	3	9	1	8	5	11	7	10	6	4	12	15
14	9	3	8	12	13	11	10	7	5	2	1	4	6	15
7	12	4	5	9	3	11	14	8	6	10	2	15	1	13
9	3	8	14	10	4	15	13	1	2	11	7	6	12	5
7	5	9	10	3	6	14	2	13	12	15	1	8	11	4
14	10	13	4	15	6	9	8	11	5	12	1	2	3	7
8	4	11	2	9	6	1	12	10	14	3	5	15	7	13
12	14	9	2	13	5	3	11	7	10	4	15	1	8	6
2	12	11	8	6	4	15	3	14	7	5	10	1	13	9
15	12	2	9	6	14	1	10	5	13	7	11	4	3	8
11	6	8	3	12	5	4	15	10	1	13	7	2	14	9
15	13	11	7	5	14	9	8	3	12	6	4	2	1	10
13	3	11	4	5	1	14	15	8	6	7	9	2	12	10
Due dates: 
1010	
849	
790	
1109	
1113	
900	
1040	
874	
923	
1060	
984	
1139	
734	
887	
963	
784	
1218	
1033	
1142	
1230	
797	
1053	
1114	
679	
723	
989	
1192	
813	
778	
842	
783	
930	
934	
965	
1105	
887	
827	
798	
967	
1422	
928	
1039	
1114	
1153	
909	
939	
848	
998	
912	
839	
