15	50
Processing times: 
63	19	21	83	69	7	58	74	9	67	12	39	15	37	68
83	62	56	9	61	32	42	67	70	30	50	86	50	88	99
10	28	14	72	51	14	71	34	23	41	62	48	41	20	40
75	32	97	99	51	86	49	24	86	47	32	49	85	8	89
3	12	65	89	24	84	99	24	26	40	52	33	43	67	4
66	61	81	14	74	18	1	51	77	1	69	95	15	84	78
74	12	97	12	26	51	25	33	82	5	23	52	40	78	58
5	19	95	8	96	83	58	92	80	97	14	54	68	74	66
39	48	39	89	45	42	70	59	77	34	72	74	76	36	75
4	44	71	27	43	90	9	55	82	92	38	92	77	29	42
29	51	34	10	57	39	93	20	61	85	62	62	4	7	47
2	9	57	64	65	89	76	59	84	70	27	69	5	61	85
36	71	24	5	79	85	70	39	1	23	92	8	76	33	1
44	56	41	59	58	24	12	33	77	56	17	24	87	48	89
20	60	44	57	7	40	21	34	96	12	35	52	54	91	79
12	24	15	66	62	4	37	33	77	67	76	41	77	51	81
63	60	49	76	75	65	26	74	11	44	67	94	90	62	86
31	6	62	81	72	20	18	78	3	98	94	22	4	65	72
21	44	87	31	91	31	81	10	31	24	38	90	18	2	1
31	76	62	1	66	36	36	55	22	86	74	8	59	37	37
4	71	39	16	33	26	45	87	42	11	18	11	17	76	51
34	38	74	54	60	91	81	92	45	51	20	71	14	13	58
66	13	21	92	3	3	78	47	46	52	87	87	62	70	90
85	17	86	96	55	74	18	81	56	3	31	15	92	47	3
93	33	74	90	52	37	42	28	83	82	72	13	9	52	21
11	61	47	11	41	7	31	51	2	81	45	27	52	88	61
98	52	41	5	20	97	48	23	34	28	75	21	60	86	34
55	99	49	44	28	37	12	69	86	74	45	95	97	78	1
93	42	25	34	59	10	44	38	80	29	68	71	27	24	46
29	16	78	32	30	72	91	77	5	90	24	6	70	54	52
38	68	52	79	5	47	42	4	66	47	71	79	17	64	53
51	90	62	97	77	30	17	13	65	60	90	13	78	82	77
22	38	94	10	64	22	91	70	22	54	82	49	30	62	66
88	79	9	18	54	20	59	24	52	70	16	32	60	79	92
44	7	78	85	13	3	58	62	59	79	31	44	12	79	6
72	70	97	25	8	99	65	2	92	3	61	95	42	82	60
15	85	2	4	69	42	73	73	28	16	37	59	46	64	41
55	88	69	56	48	17	2	66	70	57	67	38	45	14	94
59	99	97	14	3	26	6	47	35	71	49	91	38	74	42
41	40	98	50	54	14	64	54	84	26	56	69	96	6	42
88	43	40	48	46	70	8	36	16	85	82	50	74	28	87
6	48	70	98	19	24	37	38	85	99	20	76	94	90	14
56	14	61	34	25	70	50	15	6	77	37	8	63	37	25
95	34	65	88	43	42	30	62	86	52	61	16	48	62	53
44	92	4	59	3	34	8	78	22	98	9	63	84	54	53
91	14	88	54	29	66	48	58	42	26	8	7	99	23	74
67	77	32	97	71	47	67	98	43	62	84	44	2	60	46
27	72	62	7	76	3	30	37	9	13	72	99	16	17	40
52	97	25	92	54	55	51	92	40	52	62	42	1	56	9
64	83	31	47	19	62	11	44	55	60	84	64	83	7	10
Routes of jobs: 
15	3	6	2	4	8	11	5	12	9	1	10	7	14	13
2	1	6	3	5	8	4	11	14	15	13	12	7	9	10
14	15	2	5	9	8	1	7	10	3	11	13	6	4	12
10	11	4	5	13	7	2	15	1	8	14	12	6	3	9
2	3	1	4	9	14	5	8	15	13	12	11	10	6	7
9	10	3	2	8	4	15	11	12	6	13	1	5	14	7
11	15	8	12	5	4	3	14	6	9	10	1	2	7	13
13	15	11	3	2	10	7	12	14	1	6	8	4	5	9
4	13	12	9	8	1	14	3	5	10	2	11	7	15	6
11	5	7	14	9	1	15	3	10	4	2	13	8	12	6
14	5	8	6	9	4	7	3	10	12	1	13	2	11	15
5	3	7	6	2	14	4	1	15	9	11	10	13	8	12
1	14	5	12	6	13	11	4	10	7	3	15	8	9	2
1	14	4	2	9	7	13	3	15	6	12	5	10	11	8
12	1	4	9	10	6	2	5	8	14	7	3	15	13	11
12	10	4	11	6	8	3	13	1	9	14	5	7	2	15
6	1	8	7	3	13	14	12	10	4	2	9	11	5	15
6	8	13	7	9	1	2	15	3	5	14	10	11	12	4
5	9	3	12	10	4	6	8	14	11	13	2	7	15	1
11	13	4	6	2	12	7	9	15	5	8	3	10	1	14
12	14	2	7	5	11	10	8	6	13	4	3	1	9	15
8	10	15	1	6	4	14	13	2	7	3	5	9	11	12
13	1	15	2	8	10	9	3	5	6	7	11	14	4	12
9	10	12	6	11	13	14	8	2	1	3	5	4	7	15
7	15	13	2	1	8	12	11	9	14	3	6	4	10	5
10	6	14	13	9	2	4	3	15	1	12	11	7	8	5
1	7	4	11	6	5	10	13	2	15	8	3	12	14	9
6	10	13	15	11	3	8	1	7	5	2	14	12	4	9
5	1	6	12	11	13	10	8	14	4	9	3	15	2	7
14	13	4	11	3	5	8	6	15	1	9	12	2	7	10
12	15	6	8	13	7	11	14	10	3	9	2	4	1	5
2	7	6	1	12	13	3	10	5	11	8	15	14	9	4
6	10	7	15	5	1	4	12	2	14	3	8	9	13	11
7	4	14	3	5	15	1	13	11	6	2	10	12	8	9
14	10	12	5	4	1	8	2	3	15	6	9	7	11	13
9	4	6	7	3	13	5	11	8	2	14	15	1	12	10
3	9	8	5	4	7	13	6	14	11	15	10	2	1	12
11	15	14	7	12	1	2	4	13	9	8	3	5	10	6
2	9	14	13	12	8	1	3	7	4	5	10	6	11	15
8	3	1	9	6	12	7	10	13	11	2	14	15	5	4
5	2	15	7	14	10	9	13	4	6	1	11	12	3	8
14	6	7	10	1	11	5	9	13	12	2	15	8	4	3
5	8	4	6	2	11	3	10	9	14	7	13	12	15	1
10	2	11	13	9	14	1	4	3	12	15	5	6	7	8
1	3	13	11	15	4	9	10	2	5	8	6	14	7	12
11	8	15	14	5	2	13	1	12	7	3	6	4	9	10
15	8	1	14	11	12	6	2	9	4	3	7	5	13	10
10	8	9	14	11	3	4	7	5	13	1	6	2	12	15
13	8	9	15	11	1	14	5	7	10	12	6	2	3	4
14	15	7	10	1	4	9	6	12	13	11	3	8	2	5
Due dates: 
802	
1107	
712	
1137	
832	
982	
835	
1137	
1094	
994	
827	
1028	
804	
907	
878	
904	
1178	
908	
750	
858	
684	
995	
1022	
949	
977	
770	
903	
1087	
863	
908	
915	
1128	
970	
940	
825	
1092	
818	
983	
939	
993	
1002	
1023	
723	
1047	
882	
909	
1122	
725	
975	
905	
