15	50
Processing times: 
67	9	10	6	51	42	84	64	35	14	79	60	13	46	34
33	45	97	57	22	83	27	42	95	43	72	15	25	59	40
38	62	15	96	76	76	21	61	93	7	30	82	21	92	87
64	97	91	86	90	26	1	77	74	60	36	42	96	93	13
2	48	52	61	72	27	47	87	54	30	5	58	83	27	71
66	24	12	44	21	19	1	59	64	34	31	84	53	50	6
73	13	40	45	89	89	94	77	75	39	48	28	38	51	5
22	35	86	43	76	77	4	92	75	61	87	35	25	48	5
26	18	41	22	50	43	44	49	80	70	26	41	23	53	30
48	76	37	93	5	3	66	30	20	81	37	86	41	14	72
84	87	45	34	76	1	11	45	68	27	48	8	80	7	24
83	61	4	80	52	5	55	84	93	4	75	34	77	47	33
91	37	58	94	67	40	98	11	63	55	24	18	28	91	17
28	80	70	7	68	35	88	39	3	41	99	67	81	78	43
74	47	57	47	17	24	86	6	64	5	6	18	52	96	90
54	49	67	51	19	66	51	53	4	95	28	45	27	2	68
46	50	74	65	64	15	74	90	17	98	28	18	56	80	52
51	36	98	8	80	77	61	95	69	13	34	44	17	1	37
75	6	16	61	45	57	25	14	31	12	2	44	98	47	7
49	71	34	5	90	51	18	66	56	49	38	44	21	74	47
81	4	29	96	78	80	65	61	84	26	36	67	60	16	67
33	53	51	6	95	91	11	21	76	32	56	77	41	82	18
47	18	80	82	21	24	67	68	81	49	39	29	20	79	38
82	70	56	66	16	62	27	6	1	88	45	27	8	87	41
78	21	87	88	33	15	68	37	33	30	48	29	16	41	30
73	86	19	99	78	76	8	45	96	43	47	8	25	57	91
6	89	51	53	86	64	56	81	6	53	62	52	51	66	22
87	96	25	66	92	44	68	50	23	45	72	93	9	13	87
95	16	64	72	32	4	51	52	35	77	39	72	65	46	67
62	30	99	67	77	9	56	74	86	63	81	82	71	62	56
6	98	48	3	45	85	31	43	14	70	16	87	25	62	86
92	98	91	30	35	29	80	99	25	53	49	97	34	98	13
34	66	83	78	10	95	64	43	65	37	73	33	45	5	18
11	21	42	70	43	48	58	54	9	17	73	42	18	76	29
92	89	28	8	13	92	13	45	47	36	44	67	25	77	43
88	36	13	65	9	45	89	79	99	94	37	76	99	38	79
32	65	86	44	2	55	66	50	31	66	88	10	46	56	36
55	78	55	62	65	97	9	47	56	92	21	66	40	20	97
81	43	72	71	5	56	84	53	98	76	15	84	48	65	19
99	23	14	3	25	95	53	22	31	3	86	40	66	80	19
8	37	90	98	17	88	35	52	1	99	36	29	77	18	55
76	33	37	81	71	57	88	29	41	7	43	7	32	15	16
22	38	21	25	9	50	51	83	73	85	53	21	12	10	34
89	84	94	82	42	26	16	40	55	15	31	73	95	39	11
52	71	75	11	77	75	68	55	90	21	62	23	95	8	66
91	45	44	23	47	60	36	81	24	60	62	13	88	38	46
90	87	49	77	32	28	80	61	75	23	5	43	31	80	68
92	67	78	39	74	47	56	81	51	85	12	25	64	70	49
73	73	59	47	36	81	58	38	33	19	15	97	25	67	89
9	58	64	46	2	24	68	4	55	95	98	57	63	31	31
Routes of jobs: 
10	11	4	9	6	8	5	1	13	2	14	7	12	3	15
2	8	9	3	10	15	13	5	4	12	14	1	6	11	7
3	14	12	5	15	9	11	4	7	6	8	2	10	13	1
11	13	8	2	6	15	5	10	3	4	9	1	12	14	7
6	4	8	1	10	7	12	11	13	5	15	3	2	9	14
4	1	7	3	5	2	6	15	11	14	12	10	8	9	13
14	11	10	9	2	7	15	1	13	12	8	3	4	6	5
15	12	11	14	13	7	5	1	8	6	3	2	4	9	10
8	3	9	11	2	15	6	5	1	13	4	10	7	14	12
13	6	5	8	4	2	12	9	15	7	10	3	11	1	14
10	12	9	6	5	7	3	13	15	2	11	8	1	4	14
4	10	8	6	5	11	3	9	15	12	13	7	14	1	2
9	5	13	4	3	10	11	7	1	14	15	2	6	8	12
15	4	9	12	6	8	13	11	3	1	14	7	2	10	5
2	5	15	4	11	7	6	3	12	1	9	8	10	14	13
5	9	12	3	14	1	8	13	7	4	10	2	6	11	15
11	13	2	5	9	8	15	10	3	1	14	7	12	6	4
14	12	10	13	1	2	11	5	7	15	8	9	4	3	6
11	3	15	2	8	14	5	10	6	4	9	1	12	7	13
1	12	3	11	7	4	5	6	13	9	8	15	10	2	14
2	5	9	3	4	8	13	14	10	15	1	6	12	7	11
8	13	10	6	2	3	15	11	7	5	9	4	1	14	12
3	1	11	8	4	15	12	2	6	13	9	7	5	10	14
10	5	15	2	4	3	9	1	7	11	8	6	12	13	14
1	9	3	11	14	4	13	2	8	5	10	6	7	15	12
14	15	8	7	12	13	1	2	11	9	5	4	10	6	3
8	12	1	7	3	9	15	6	5	13	14	2	10	4	11
10	8	7	6	11	2	15	12	13	1	5	4	9	3	14
3	4	9	2	13	14	8	12	6	1	10	11	5	15	7
9	5	13	12	4	8	1	11	7	2	15	3	6	10	14
9	2	5	7	8	15	4	11	6	13	1	14	12	10	3
8	14	1	9	10	2	11	13	6	4	5	12	3	7	15
11	9	15	3	13	1	4	6	2	10	12	8	14	5	7
2	3	6	10	8	5	1	4	15	13	14	11	7	12	9
12	3	5	15	7	6	8	13	10	4	9	1	11	14	2
15	9	6	8	11	14	2	1	10	5	4	3	7	13	12
14	8	13	12	9	4	10	3	2	6	15	7	1	11	5
1	15	6	3	5	11	10	7	4	12	13	9	14	8	2
10	8	1	7	5	9	2	4	13	11	6	14	12	15	3
15	11	7	6	1	5	9	13	10	3	8	2	12	4	14
4	12	5	15	6	9	7	3	10	11	8	14	2	1	13
4	1	11	3	13	8	5	9	7	15	12	10	2	14	6
15	3	7	6	2	4	12	14	9	13	10	5	11	1	8
11	7	15	12	8	14	2	10	9	1	5	13	3	4	6
6	3	13	8	10	12	1	2	4	11	7	9	5	15	14
10	12	2	8	1	15	9	6	11	7	3	14	4	5	13
8	11	10	4	14	5	13	6	9	15	2	7	3	1	12
5	12	14	15	6	8	3	10	13	2	1	11	4	9	7
12	11	9	4	7	10	13	8	5	2	1	3	6	14	15
10	7	5	3	15	4	9	12	11	14	6	8	2	1	13
Due dates: 
768	
944	
1072	
1183	
905	
710	
1005	
964	
770	
887	
807	
984	
990	
1034	
862	
849	
1034	
902	
675	
892	
1063	
929	
928	
853	
818	
1064	
998	
1088	
984	
1219	
899	
1154	
937	
764	
899	
1183	
917	
1075	
1088	
824	
925	
792	
734	
990	
1062	
948	
1037	
1113	
1013	
882	
