15	50
Processing times: 
25	17	90	21	43	16	99	9	64	22	46	88	27	55	50
10	31	58	98	51	39	16	58	51	81	65	62	48	49	9
51	31	96	33	84	46	87	16	51	91	18	54	72	17	46
89	50	50	94	91	30	3	5	45	2	22	10	78	76	28
57	5	52	15	8	90	54	52	57	14	53	59	76	39	40
2	69	31	86	64	57	6	54	56	96	76	89	55	29	36
39	83	32	72	66	22	49	27	90	53	76	7	53	74	46
23	81	18	83	86	34	93	61	84	61	89	48	63	97	32
44	18	61	15	54	37	73	96	32	67	11	67	32	65	34
72	5	93	83	88	23	85	60	55	54	9	87	79	80	51
87	54	49	59	9	54	82	56	10	23	54	88	58	68	54
84	79	31	86	77	72	98	64	27	60	59	41	87	69	29
83	71	49	33	68	55	49	41	9	19	77	87	61	4	24
68	49	60	1	81	56	41	67	36	28	36	23	89	58	45
52	42	59	40	33	39	43	76	41	66	50	50	26	8	3
65	30	49	14	64	34	35	66	16	45	36	80	5	2	63
53	7	34	53	43	85	9	64	92	65	15	1	6	95	82
11	3	33	62	70	6	3	35	57	76	38	28	78	7	17
40	55	21	11	58	8	38	19	25	55	39	92	30	94	39
34	18	99	28	2	41	35	6	70	4	95	59	7	88	71
39	48	27	27	23	80	35	67	22	85	70	36	43	80	60
15	22	93	85	9	38	98	25	64	45	96	36	37	46	89
23	20	46	91	45	67	6	69	82	76	5	71	82	70	72
36	93	23	13	80	44	95	81	44	44	85	58	62	18	94
60	68	84	35	92	62	94	89	1	48	36	35	28	37	41
62	35	62	15	8	18	21	28	72	65	82	16	40	93	41
12	14	53	20	99	30	48	9	51	12	60	51	80	81	9
61	62	33	61	73	3	1	19	80	40	16	23	7	82	4
12	76	95	63	52	60	86	67	26	25	85	12	86	92	73
57	56	47	98	55	3	29	33	24	92	51	66	38	19	59
12	54	73	33	23	75	69	93	64	46	44	81	1	78	98
22	95	28	8	59	63	87	84	22	43	85	99	9	11	79
2	20	49	32	49	17	71	79	25	78	33	20	84	60	67
12	45	81	29	41	87	57	68	79	97	16	61	63	25	51
41	33	80	76	74	3	55	32	20	77	60	62	70	68	91
96	13	73	16	6	23	88	72	37	33	98	14	81	84	95
84	47	17	38	11	33	49	9	51	26	99	18	41	28	7
1	14	34	49	11	78	8	8	68	38	72	70	32	81	86
93	34	6	99	4	29	24	84	53	17	50	53	24	59	62
67	75	89	82	39	82	35	58	63	4	64	8	30	53	74
44	17	26	73	34	38	45	71	16	96	86	30	46	26	7
45	16	96	68	48	30	79	90	84	48	79	14	42	82	26
1	62	45	3	7	15	22	71	19	87	55	12	50	10	36
71	3	61	34	60	72	34	33	69	36	88	1	3	98	90
84	50	74	16	86	32	2	22	22	73	16	8	64	70	83
57	22	43	2	10	37	46	89	31	27	47	85	86	81	38
39	14	64	87	34	33	37	78	84	27	46	93	75	70	9
25	84	15	59	85	53	29	70	50	93	23	98	2	17	87
11	7	70	19	13	23	94	2	55	93	77	92	39	33	75
29	60	27	57	79	67	66	22	27	20	5	43	79	9	85
Routes of jobs: 
11	5	1	7	3	4	13	2	6	12	9	8	15	14	10
15	6	3	7	4	8	10	9	1	2	14	11	13	12	5
12	15	3	6	8	14	13	1	4	10	11	5	7	2	9
7	4	5	10	3	1	13	8	6	12	11	14	2	9	15
2	11	1	10	6	5	8	13	12	4	14	15	7	9	3
3	1	9	5	13	10	7	15	14	6	4	2	8	11	12
1	12	3	14	9	5	11	13	15	8	2	7	4	6	10
4	3	5	11	7	13	6	14	9	10	15	12	1	2	8
13	11	2	5	8	10	7	3	4	12	15	6	14	1	9
13	6	15	8	11	10	7	5	4	9	12	3	14	1	2
11	6	15	4	3	14	8	5	10	13	12	7	9	1	2
6	1	15	11	10	7	12	13	9	3	2	14	8	4	5
2	13	4	6	1	9	12	10	3	5	14	15	8	7	11
9	12	11	7	6	1	5	2	15	8	13	3	4	14	10
7	8	2	3	11	15	13	9	10	1	14	5	4	6	12
2	9	11	5	7	8	14	15	13	6	4	1	3	10	12
2	1	9	4	13	3	7	5	15	12	11	14	8	10	6
3	8	15	5	10	11	4	6	7	14	13	12	9	2	1
7	5	2	13	1	15	4	9	3	8	14	11	12	6	10
9	1	15	4	8	7	2	14	6	12	13	3	10	5	11
12	14	8	15	2	13	5	6	4	10	9	11	1	3	7
13	5	2	14	7	1	6	9	4	11	12	15	8	3	10
3	10	11	8	12	5	9	1	6	4	7	13	14	15	2
6	10	4	2	3	13	1	8	15	5	11	12	7	14	9
6	13	5	12	10	15	9	2	4	3	11	1	8	7	14
15	11	3	4	1	10	12	13	8	7	2	6	14	9	5
15	3	10	2	8	6	9	4	5	13	1	7	12	14	11
9	15	12	8	7	10	13	11	1	5	2	6	4	14	3
3	13	5	14	15	7	10	4	6	2	1	9	8	12	11
14	4	2	7	11	12	10	15	1	8	6	13	5	3	9
4	2	12	7	13	8	11	15	6	14	9	1	3	5	10
1	3	5	14	6	11	4	12	8	2	15	10	13	7	9
10	11	13	6	7	15	3	1	8	4	5	2	14	12	9
5	9	1	12	3	10	8	13	2	11	4	6	14	15	7
3	15	2	12	1	7	5	4	11	6	13	8	10	9	14
3	7	10	5	2	1	15	8	4	9	14	11	6	13	12
8	4	9	14	10	11	12	5	6	2	15	3	7	13	1
10	8	4	7	5	9	2	12	15	14	13	6	1	3	11
3	11	1	6	2	4	15	5	13	14	9	8	7	12	10
5	15	14	1	6	3	11	8	10	2	12	13	4	9	7
15	4	2	14	6	7	9	5	1	10	3	11	13	8	12
2	10	6	13	8	1	12	4	15	7	11	3	5	9	14
3	11	2	12	7	14	13	8	4	9	6	15	10	5	1
8	13	15	12	10	2	6	14	4	9	5	7	3	11	1
5	1	3	6	12	14	11	15	7	9	10	8	4	13	2
10	8	7	11	14	2	9	6	12	15	13	1	4	5	3
8	6	10	15	5	3	2	1	13	14	7	11	9	12	4
12	2	1	5	10	3	4	11	6	7	14	15	13	9	8
8	9	5	15	6	3	11	1	13	7	14	10	12	2	4
12	7	10	14	8	3	1	4	13	5	15	6	11	2	9
Due dates: 
840	
908	
992	
842	
839	
1008	
987	
1192	
883	
1155	
1007	
1204	
913	
923	
785	
755	
880	
655	
780	
822	
928	
998	
1032	
1088	
1013	
823	
787	
707	
1138	
909	
1055	
993	
858	
1015	
1053	
1037	
698	
813	
864	
1029	
819	
1059	
619	
942	
878	
877	
988	
988	
879	
844	
