20	50
Processing times: 
71	52	4	12	44	50	89	31	42	43	75	50	14	13	36	43	12	34	53	69
94	1	24	84	70	27	72	90	67	90	98	78	96	18	61	24	91	7	62	8
68	85	66	83	37	60	94	37	10	32	56	66	43	76	11	84	8	25	78	95
10	58	57	18	4	73	78	27	66	52	95	35	65	89	59	34	32	52	55	9
30	23	4	74	78	31	45	21	70	43	22	35	12	92	19	81	17	7	63	9
95	17	84	4	92	2	81	22	35	51	55	16	91	89	11	82	18	53	7	58
51	38	4	75	73	41	84	44	52	90	31	90	47	81	2	92	75	23	10	47
95	96	31	81	54	20	31	81	21	6	81	75	1	10	73	33	32	96	90	64
77	61	51	18	94	25	81	10	71	35	60	2	12	54	71	34	82	67	37	28
35	75	82	53	28	33	35	20	88	86	26	2	29	98	36	24	54	78	10	70
96	4	30	81	75	25	44	12	53	87	3	41	23	12	78	61	36	81	2	66
90	29	47	24	67	90	55	98	3	96	52	57	85	73	94	18	74	8	28	55
72	81	61	53	58	5	63	72	95	96	93	36	88	48	92	51	61	18	21	36
76	71	48	24	91	55	57	14	89	55	92	13	64	68	91	45	12	66	77	88
38	86	23	56	43	18	52	1	92	69	71	16	97	86	34	9	71	33	84	69
81	59	5	28	47	68	86	93	11	28	49	7	52	21	36	50	97	78	29	72
8	25	33	85	8	10	90	10	28	20	53	79	10	53	34	25	1	59	32	92
14	31	25	87	42	79	83	19	37	28	12	85	34	6	40	15	84	51	60	92
28	53	51	68	11	99	3	3	12	36	54	61	33	39	24	12	5	48	6	39
85	90	84	49	97	96	46	12	81	83	91	83	78	78	38	50	67	31	22	36
10	42	29	1	88	7	11	41	51	40	90	20	42	40	25	31	8	86	84	25
12	70	93	77	18	13	70	35	97	50	32	88	98	37	82	53	21	93	60	93
14	85	21	25	72	38	43	68	38	18	35	49	99	48	87	11	16	96	36	84
6	23	97	72	32	77	35	62	15	72	48	34	51	24	71	18	5	37	56	13
10	38	81	77	83	40	43	64	91	1	48	80	15	21	27	16	60	45	65	88
20	4	79	87	27	84	20	46	91	9	24	98	28	2	76	22	88	67	32	37
23	7	62	49	98	61	59	38	13	5	75	74	65	66	60	14	79	45	47	51
23	45	96	35	37	34	29	12	89	69	74	52	98	17	86	76	96	66	86	37
74	99	9	9	74	83	3	96	44	23	3	18	3	45	38	24	91	36	22	15
34	23	68	11	53	77	71	65	77	48	43	45	83	7	93	65	83	8	5	74
40	15	30	90	62	15	13	3	49	90	55	65	85	87	24	61	50	48	77	21
42	91	70	8	45	24	63	86	16	68	57	18	60	81	3	17	68	97	42	54
87	95	25	61	9	30	84	21	88	83	72	86	20	73	39	71	52	37	72	40
46	45	87	44	27	44	19	51	83	2	21	13	50	17	95	83	33	29	92	62
22	73	35	4	22	99	99	65	54	72	59	98	44	19	23	95	87	69	68	57
20	79	95	6	38	36	37	21	62	48	78	18	70	78	1	21	85	39	34	98
56	60	33	80	68	60	41	82	17	89	59	71	49	75	45	22	60	83	71	22
72	72	11	15	72	65	56	77	68	17	59	17	68	69	71	60	39	42	78	62
12	27	16	23	12	74	72	48	35	53	9	80	68	15	62	23	14	89	12	67
74	53	76	97	71	81	28	70	67	26	97	11	77	56	62	41	50	40	35	79
75	3	32	10	93	2	63	4	4	18	85	28	55	80	59	74	51	74	20	46
32	77	49	76	6	93	57	11	69	35	59	20	22	13	35	99	95	99	74	96
55	38	80	25	73	56	87	16	2	80	43	50	68	12	19	25	17	52	31	31
53	69	57	98	48	26	30	20	74	47	99	78	97	94	80	74	42	2	46	32
54	14	96	39	1	98	43	57	29	76	36	58	93	17	38	81	74	20	39	98
80	94	69	69	54	30	86	80	6	72	65	45	89	67	6	28	76	28	29	28
1	74	8	96	20	7	26	25	18	84	29	92	18	38	93	8	32	67	81	17
36	41	72	31	28	52	14	59	97	71	92	50	4	96	6	99	1	70	58	92
24	81	84	57	59	94	31	98	37	64	69	56	71	23	30	97	86	29	16	75
33	81	58	81	2	25	17	1	72	33	18	22	44	28	69	92	90	43	53	76
Routes of jobs: 
11	6	3	18	15	20	2	5	9	17	12	4	1	7	8	13	14	19	16	10
6	14	5	4	20	19	17	3	1	11	12	8	2	16	13	15	10	9	18	7
11	16	20	10	17	13	8	18	9	2	19	14	7	6	5	1	15	12	3	4
13	11	9	5	16	19	12	17	7	10	1	2	20	6	4	18	3	15	8	14
6	16	7	8	4	18	10	12	2	19	13	14	5	20	1	11	15	9	3	17
18	10	9	15	11	17	14	13	12	16	3	4	6	1	2	5	7	8	19	20
16	20	19	13	3	4	6	1	15	5	9	2	8	18	11	10	12	14	17	7
7	6	17	5	14	2	10	8	15	12	1	4	3	11	19	16	20	18	9	13
18	2	4	7	1	10	13	20	17	8	9	5	3	14	6	19	16	12	15	11
13	18	6	17	8	2	9	1	20	7	4	15	3	11	16	5	19	14	10	12
3	19	1	20	11	18	2	9	8	17	16	15	6	5	7	14	4	13	12	10
8	3	13	1	17	15	4	16	18	6	20	5	11	9	19	2	14	10	12	7
18	1	13	5	6	2	11	9	12	16	4	17	8	7	20	14	10	15	19	3
10	16	5	4	19	2	17	15	14	6	20	1	9	8	11	13	18	12	3	7
9	6	4	20	2	3	18	14	7	11	13	16	12	1	10	15	5	8	17	19
2	16	9	14	5	13	18	20	7	10	1	3	19	15	12	6	4	17	11	8
15	10	19	7	18	11	20	17	5	6	13	16	1	14	2	12	4	9	8	3
9	18	6	14	10	15	8	19	1	11	2	3	16	17	7	12	4	13	5	20
15	7	9	14	17	1	3	4	10	19	16	11	12	5	6	20	2	8	13	18
15	9	3	8	20	6	17	7	2	14	19	12	1	5	16	13	11	10	4	18
10	6	20	4	12	5	13	3	9	2	14	7	1	19	11	18	15	16	17	8
19	13	1	9	3	2	17	16	14	15	12	5	8	6	10	4	11	18	7	20
20	16	1	8	13	5	4	7	11	18	15	17	9	3	10	14	19	12	2	6
18	10	11	9	12	17	20	13	15	7	2	16	1	8	5	3	4	6	14	19
2	18	6	19	3	8	17	12	16	5	1	11	9	4	13	20	15	14	10	7
1	18	10	16	17	2	7	4	13	11	9	6	14	3	20	8	5	12	15	19
5	13	3	2	18	15	7	16	1	10	6	12	8	19	4	11	17	14	9	20
2	7	14	20	19	12	18	8	11	16	5	4	10	1	17	13	9	3	15	6
3	5	17	13	15	16	10	9	20	11	14	1	2	12	6	7	8	18	4	19
16	5	7	14	15	20	6	2	18	17	13	12	11	19	9	3	1	4	8	10
9	3	16	13	11	4	19	14	10	1	6	8	20	17	18	2	12	5	7	15
20	9	11	17	19	7	15	14	12	10	3	8	4	5	1	2	6	16	18	13
16	10	17	11	19	14	12	15	7	4	2	5	9	20	18	8	1	3	6	13
2	13	18	3	10	11	16	20	5	17	19	12	8	9	14	1	15	6	4	7
7	20	3	18	16	13	15	17	5	8	2	12	6	14	10	1	19	4	9	11
4	1	7	3	13	17	6	9	19	2	14	10	12	15	20	11	18	8	16	5
15	8	4	7	10	9	17	2	16	3	18	14	6	13	20	11	19	12	5	1
19	14	20	3	11	7	5	15	16	10	8	17	2	1	13	6	12	18	9	4
13	2	11	4	1	14	3	19	16	17	10	9	5	8	20	6	12	15	7	18
8	13	3	14	7	5	18	1	16	20	17	4	2	6	15	12	11	19	9	10
3	19	6	13	1	7	20	10	2	16	14	15	4	17	9	18	12	11	5	8
5	3	9	12	4	15	20	11	10	19	7	2	6	14	18	1	16	17	8	13
4	17	15	16	13	20	19	7	8	6	11	3	5	1	12	2	14	18	9	10
15	4	10	17	5	18	7	11	1	19	2	16	6	13	12	3	8	20	14	9
10	13	2	15	16	8	9	3	7	11	19	4	20	12	18	14	5	17	6	1
1	20	13	16	14	8	18	7	6	19	10	3	15	4	17	12	2	9	5	11
15	12	7	9	8	13	6	5	20	19	16	17	3	1	11	14	18	10	4	2
13	12	14	20	10	19	6	7	3	16	15	1	9	2	4	8	17	18	11	5
7	2	10	6	16	12	11	8	1	13	3	9	15	18	14	4	17	19	20	5
3	14	9	11	19	5	7	8	6	12	17	4	18	20	1	15	16	13	2	10
Due dates: 
1256	
1743	
1671	
1452	
1164	
1445	
1575	
1607	
1455	
1443	
1365	
1715	
1800	
1794	
1572	
1496	
1133	
1386	
1028	
1946	
1157	
1788	
1475	
1272	
1490	
1412	
1487	
1736	
1214	
1550	
1470	
1515	
1718	
1415	
1746	
1446	
1715	
1635	
1217	
1787	
1314	
1676	
1290	
1749	
1592	
1652	
1251	
1604	
1772	
1407	
