20	50
Processing times: 
40	70	30	41	8	66	18	73	53	34	74	10	47	67	65	28	64	52	4	8
48	48	33	93	2	91	12	15	5	49	11	32	16	37	97	96	81	82	6	90
16	5	6	70	32	11	49	32	69	21	89	18	77	67	2	92	33	94	4	41
44	9	53	49	59	85	82	16	54	3	70	41	96	87	54	28	37	84	34	66
81	1	30	3	34	73	63	53	84	30	89	31	92	76	28	62	14	31	35	73
43	28	31	15	94	64	81	92	46	46	10	31	59	38	53	1	6	69	36	27
78	85	89	14	10	59	36	14	27	34	3	75	94	9	91	19	13	2	42	44
13	38	62	52	37	8	23	62	34	66	38	84	45	90	86	67	74	69	59	32
72	36	7	68	71	31	63	46	88	75	23	36	34	89	92	30	45	10	23	27
66	63	32	71	20	98	99	32	3	5	84	38	36	80	92	95	77	42	72	92
16	66	63	15	36	77	37	26	54	51	30	24	33	66	51	11	72	78	30	24
61	28	17	58	89	10	79	78	1	11	27	80	92	69	75	74	35	52	64	81
28	27	29	56	23	35	57	2	71	36	25	53	53	1	31	8	95	19	86	53
21	45	56	13	18	39	32	83	11	95	96	58	48	48	94	69	79	64	58	45
80	89	24	59	34	12	51	9	46	93	88	25	41	81	79	19	41	12	83	56
53	66	78	76	62	22	46	73	76	73	39	49	48	53	69	27	42	4	59	15
18	85	24	15	6	60	60	91	90	82	93	41	96	82	56	60	71	44	77	77
17	89	50	66	8	25	29	82	68	4	23	22	43	24	4	58	12	10	33	65
49	62	39	83	62	4	18	53	9	79	35	42	39	14	43	76	43	62	17	91
98	3	28	8	1	61	80	49	91	81	1	4	53	77	29	43	65	52	98	32
40	89	65	30	23	47	97	28	3	5	4	85	34	24	87	63	54	54	27	95
50	24	37	99	14	99	25	64	73	64	24	86	10	76	56	81	62	49	19	78
73	76	31	4	10	24	67	57	25	72	30	31	79	13	41	85	79	61	45	3
72	49	50	95	81	80	50	41	48	68	15	29	68	83	72	25	56	19	80	60
68	30	38	23	5	65	1	18	61	51	44	64	98	99	64	87	90	66	99	7
94	60	19	40	46	7	7	86	32	3	25	89	59	69	89	65	9	77	35	42
93	83	79	36	15	44	45	11	47	2	84	51	26	62	54	71	86	64	61	38
88	37	37	36	59	14	89	93	6	47	44	1	82	84	50	21	4	20	98	37
65	4	98	29	22	1	70	89	73	5	15	33	23	63	20	28	31	62	90	53
5	51	90	91	24	98	31	90	3	56	5	41	75	57	49	75	1	66	65	58
85	43	95	42	50	32	37	8	68	82	78	11	45	32	66	41	53	91	65	88
87	16	43	86	67	82	70	65	56	53	22	17	94	61	69	73	33	69	36	64
85	6	31	23	33	4	69	61	50	27	25	10	26	26	42	9	72	30	91	83
44	77	51	49	37	20	69	95	84	43	86	86	57	29	70	94	38	39	61	60
37	22	56	88	95	19	92	64	25	69	37	9	82	67	90	52	64	25	62	39
68	36	85	37	66	31	35	97	76	22	45	80	90	48	5	56	50	66	54	53
86	21	36	42	67	38	28	58	41	1	67	45	25	18	12	71	49	28	21	52
93	97	35	71	62	49	81	60	64	50	33	39	7	44	53	20	96	49	23	70
15	22	40	12	19	5	32	85	48	46	97	4	97	95	90	2	69	95	68	18
52	57	67	67	91	82	86	29	8	35	65	13	92	28	77	99	30	16	31	35
85	24	60	60	89	99	88	15	45	60	38	44	38	4	95	27	27	15	76	53
15	64	29	72	98	73	28	25	35	57	26	38	42	19	75	2	86	46	84	5
57	4	83	13	80	45	6	46	63	94	54	69	69	43	62	6	15	35	62	44
57	67	80	80	61	84	90	63	26	98	94	92	84	16	24	67	47	35	79	99
63	45	49	38	32	87	41	33	18	40	50	84	36	99	77	16	52	20	60	66
1	24	37	54	39	50	38	79	88	35	58	77	43	98	52	73	45	45	84	80
26	9	92	70	87	33	14	83	34	98	5	99	93	94	43	36	26	11	28	16
19	58	30	72	39	27	18	44	20	87	82	51	78	20	19	36	42	75	85	95
41	46	81	17	25	80	41	29	99	14	28	25	58	24	59	45	17	53	16	86
30	3	28	92	87	28	30	69	20	94	97	91	5	16	88	47	66	67	15	29
Routes of jobs: 
5	4	19	18	13	14	15	7	8	12	2	6	17	9	10	16	11	1	20	3
14	6	15	19	2	20	12	7	4	8	3	9	5	11	16	13	18	10	1	17
6	4	19	16	12	20	13	2	7	18	5	14	15	1	10	9	11	8	3	17
14	10	7	1	8	9	2	4	16	11	6	19	3	17	5	20	12	13	18	15
2	12	20	19	1	9	5	8	6	3	7	14	16	17	10	18	11	15	13	4
6	10	7	14	9	18	11	20	19	5	15	12	4	13	3	17	16	2	1	8
9	1	5	16	3	15	19	17	12	18	7	8	6	4	14	10	11	2	20	13
6	14	2	7	18	9	1	8	11	17	16	13	3	20	15	19	12	10	5	4
17	16	19	3	15	1	13	7	4	12	10	18	20	14	6	9	8	2	5	11
19	13	10	6	12	7	20	15	2	5	18	17	4	9	14	16	11	3	8	1
3	4	14	1	10	8	20	18	9	2	15	19	7	17	6	16	13	11	5	12
8	15	17	6	20	9	2	4	12	1	18	16	3	10	19	14	11	13	7	5
11	18	12	10	20	2	16	5	19	15	8	17	13	3	6	1	14	9	7	4
9	3	18	20	11	15	14	17	13	12	7	19	4	10	6	1	5	8	2	16
11	12	8	19	18	15	17	2	10	9	3	13	4	20	16	6	5	1	14	7
6	12	10	19	13	9	3	15	2	16	8	7	17	1	5	11	20	18	4	14
13	8	17	6	7	16	18	1	14	9	20	11	3	5	19	15	10	4	2	12
10	5	18	15	11	1	19	3	14	17	7	20	13	9	4	8	12	2	16	6
6	14	2	15	1	7	20	4	8	11	10	5	12	19	18	3	16	17	9	13
5	1	14	3	2	4	16	13	12	7	10	19	6	9	20	17	18	15	8	11
11	2	16	18	10	7	19	5	20	8	14	6	4	12	1	15	9	13	3	17
11	12	14	8	5	18	4	10	20	15	7	3	16	17	13	19	9	6	2	1
8	5	6	13	10	14	4	18	12	17	9	20	11	15	19	7	16	1	3	2
19	7	20	10	18	11	15	16	17	1	12	6	14	8	3	4	13	2	9	5
7	16	8	15	6	9	3	10	18	12	20	13	11	2	19	17	14	4	1	5
10	5	8	19	6	2	14	11	16	4	3	20	13	12	18	15	1	7	17	9
17	20	14	19	2	4	10	9	13	12	11	1	16	8	3	6	5	7	18	15
8	5	18	13	16	2	4	6	12	15	9	14	20	11	19	7	10	17	3	1
17	9	13	20	19	8	5	14	7	15	18	4	11	2	10	12	1	3	16	6
15	5	13	20	18	10	19	9	6	14	7	3	11	16	2	12	4	1	8	17
16	9	18	10	20	19	11	1	6	8	7	14	13	4	5	12	2	15	17	3
17	10	13	14	7	6	12	19	18	5	11	1	4	16	2	8	9	15	20	3
17	11	8	16	10	4	15	6	2	12	13	19	3	20	5	1	18	7	9	14
11	7	19	15	3	8	18	9	6	2	5	16	13	4	12	14	10	1	20	17
17	4	3	12	8	15	10	16	2	7	11	19	1	20	6	14	9	18	13	5
5	14	4	16	20	11	19	12	15	17	2	3	10	7	6	8	9	13	18	1
5	4	19	3	1	18	15	9	16	14	10	17	2	6	20	12	11	8	13	7
13	15	6	3	4	10	8	12	14	11	5	19	1	16	2	17	9	18	20	7
14	1	12	9	19	18	11	20	17	16	7	2	6	5	15	3	13	10	4	8
4	1	14	9	6	2	8	5	18	12	11	13	3	20	17	10	15	7	16	19
8	20	16	6	4	2	13	12	5	1	9	17	18	3	11	19	10	7	15	14
10	20	9	4	18	11	17	14	12	15	1	16	2	13	8	5	3	7	19	6
20	14	12	7	3	13	8	15	1	16	9	18	17	19	2	4	6	10	11	5
9	11	18	17	19	10	16	2	6	7	3	4	8	1	20	13	12	14	5	15
12	9	11	8	1	16	6	18	20	19	17	3	4	15	7	10	2	14	5	13
12	15	14	2	10	6	8	19	5	3	20	16	1	18	13	7	17	11	4	9
7	16	20	17	6	13	12	5	1	3	4	9	11	8	2	18	15	19	10	14
13	16	15	4	2	3	10	12	17	7	11	18	9	19	5	14	1	6	20	8
7	10	11	12	13	19	1	5	2	3	14	9	17	8	4	15	6	20	16	18
4	3	9	20	16	14	7	5	15	17	11	6	18	8	12	19	2	10	13	1
Due dates: 
1278	
1416	
1242	
1577	
1475	
1305	
1257	
1559	
1449	
1796	
1290	
1622	
1182	
1608	
1533	
1545	
1842	
1098	
1380	
1431	
1431	
1635	
1359	
1712	
1617	
1430	
1578	
1421	
1311	
1547	
1668	
1745	
1205	
1784	
1641	
1650	
1209	
1644	
1439	
1590	
1563	
1379	
1425	
2015	
1509	
1650	
1496	
1496	
1326	
1503	
