20	50
Processing times: 
59	13	64	96	62	71	64	61	93	98	62	42	96	10	92	54	37	96	54	90
52	38	22	34	32	83	7	93	56	6	94	17	94	84	66	85	79	9	3	82
75	5	12	78	57	57	50	69	19	93	67	28	95	62	17	14	85	3	53	9
81	93	51	80	8	54	4	76	21	84	99	32	16	18	26	51	48	50	84	38
3	60	9	47	57	98	60	5	45	78	90	79	21	58	2	26	55	47	99	71
15	11	78	88	91	58	90	33	46	90	44	17	95	3	57	79	47	96	34	92
25	14	99	83	17	93	10	62	66	24	64	4	98	46	57	21	3	56	50	55
18	22	44	72	34	55	92	29	28	65	70	86	59	19	62	35	94	87	34	85
67	45	85	63	40	33	82	48	10	96	74	91	82	47	51	53	76	44	46	88
6	45	15	63	74	16	68	26	39	58	35	86	13	56	50	6	28	16	39	50
14	48	32	83	82	68	49	60	92	74	19	51	57	67	63	52	78	91	53	24
54	98	63	26	77	66	63	23	97	58	30	20	7	57	67	77	56	68	6	20
29	21	11	33	35	52	81	53	41	96	11	10	1	45	85	31	69	43	76	47
26	3	57	92	69	58	75	52	49	34	3	4	8	64	79	67	83	1	79	85
41	31	30	82	3	20	34	14	25	2	17	75	95	6	92	19	82	22	67	44
35	16	45	43	49	42	96	23	19	62	8	41	19	30	3	88	9	27	37	28
85	75	64	99	70	23	25	16	99	56	19	6	44	98	35	10	98	20	8	25
49	16	67	18	56	69	16	94	1	54	1	24	5	8	47	31	36	24	62	43
85	18	51	41	53	87	48	20	93	50	97	19	70	20	78	96	66	91	71	89
33	35	16	39	9	25	90	47	89	68	29	18	60	82	64	45	26	28	32	47
79	62	25	47	4	14	41	8	91	70	27	90	73	59	21	67	77	55	54	41
39	64	55	81	6	73	17	44	27	57	15	33	16	38	1	61	11	56	65	47
48	56	7	34	59	65	1	65	8	19	31	57	67	57	94	32	49	31	72	68
65	11	82	50	39	56	58	59	5	33	81	93	46	23	80	24	13	10	36	43
60	32	37	13	56	6	74	83	50	60	12	90	59	32	72	76	87	25	23	64
24	78	44	5	87	60	53	18	91	67	59	81	8	16	94	94	47	26	73	69
8	74	93	9	82	87	40	6	70	83	86	90	77	13	65	21	83	58	95	48
7	93	75	82	34	28	8	32	63	5	27	90	32	15	52	63	11	96	25	22
73	73	33	73	19	48	7	74	77	48	5	47	38	73	83	24	80	80	41	26
50	34	95	44	31	80	59	53	24	18	37	72	72	73	6	86	17	13	89	24
95	99	35	55	67	54	15	25	2	60	35	14	14	37	82	37	47	28	37	21
24	23	68	13	98	67	58	81	62	11	99	75	41	23	13	35	73	35	71	28
87	39	66	67	91	71	48	17	12	95	86	71	19	49	63	66	69	73	87	8
69	3	11	76	57	55	36	95	63	78	72	28	53	10	86	13	53	14	4	52
67	59	84	50	91	93	53	56	30	98	53	74	60	46	57	23	27	49	54	47
99	82	3	61	92	67	66	81	62	41	77	9	56	80	90	68	81	58	86	59
76	77	23	29	25	44	15	17	96	64	71	22	87	73	72	8	67	92	61	97
92	47	95	55	78	58	36	1	23	71	47	76	34	95	25	4	91	22	51	53
57	61	39	22	60	90	54	2	83	73	36	68	99	68	61	76	88	15	96	80
6	59	99	30	73	56	39	9	80	87	74	6	55	39	39	42	78	37	66	37
11	83	83	87	34	45	78	13	59	93	16	85	76	54	91	93	13	56	10	99
26	45	80	44	9	28	70	95	40	20	63	44	63	73	59	82	41	87	89	29
64	89	62	30	13	64	42	39	89	89	57	62	99	55	40	94	25	34	4	65
58	99	16	46	72	40	48	15	14	15	39	17	52	43	9	73	6	65	58	13
19	72	80	48	79	71	29	14	19	27	92	97	99	74	69	20	40	41	95	39
63	25	74	40	14	98	26	55	9	92	67	99	48	20	87	55	65	66	10	4
2	89	99	89	73	12	78	57	38	17	64	80	47	76	99	72	31	52	49	76
45	22	11	99	65	96	95	47	8	57	60	38	71	70	98	57	4	31	73	56
28	26	47	77	89	82	94	41	89	74	95	44	60	88	61	99	36	49	41	1
16	71	49	25	62	98	63	79	29	82	84	76	85	18	78	18	87	65	10	78
Routes of jobs: 
19	13	18	5	6	12	11	9	10	14	16	2	17	8	15	20	1	7	4	3
14	8	3	7	6	9	13	1	10	16	2	20	19	11	5	12	15	17	18	4
11	8	2	16	19	3	15	10	12	6	20	4	9	14	7	17	18	5	13	1
11	13	19	3	10	14	9	6	5	20	4	7	1	15	17	16	2	8	12	18
3	8	15	20	2	6	1	16	7	5	17	18	9	4	12	14	19	11	13	10
7	20	18	11	4	16	3	14	12	2	19	1	9	17	10	6	13	8	15	5
1	3	5	11	4	8	14	16	13	19	18	15	12	9	20	17	2	7	10	6
17	1	11	7	5	8	10	14	20	6	3	18	13	19	12	4	9	15	2	16
20	9	5	10	19	8	11	7	12	2	3	16	17	6	1	4	18	13	15	14
2	18	4	6	12	5	10	19	20	17	15	7	9	1	11	16	13	8	3	14
20	4	19	8	14	17	11	12	1	2	13	16	9	7	10	5	3	15	18	6
13	5	9	2	12	17	6	14	1	10	20	11	16	18	3	19	7	15	8	4
19	7	4	5	15	1	12	6	11	2	13	10	14	16	18	3	20	9	17	8
11	8	2	20	10	1	7	4	17	13	15	5	6	16	18	19	14	9	3	12
3	16	2	20	10	11	17	8	4	13	9	19	12	1	15	5	14	18	7	6
2	10	5	17	3	12	8	4	1	6	16	9	15	11	7	18	14	19	13	20
11	3	2	18	9	1	10	17	15	5	13	8	7	12	16	6	19	14	20	4
9	12	20	13	16	10	11	15	3	19	18	17	8	7	14	5	2	4	1	6
11	20	19	6	15	1	2	12	14	16	10	17	5	13	7	8	4	9	18	3
7	11	6	10	12	8	14	2	18	5	16	13	15	19	3	17	20	1	9	4
11	16	13	8	3	12	9	6	15	2	10	19	17	20	4	5	7	14	1	18
20	14	10	3	7	8	16	11	12	9	18	5	2	19	4	15	1	6	13	17
13	9	19	3	2	12	7	20	8	17	4	15	5	10	18	14	6	16	11	1
19	6	11	15	3	5	10	18	9	20	13	7	2	12	4	17	1	14	8	16
12	20	16	18	4	17	1	8	11	2	7	14	19	3	15	6	9	13	10	5
5	2	13	8	11	12	10	20	7	3	19	18	15	1	6	17	9	14	4	16
19	3	9	4	12	1	15	13	5	10	18	6	7	11	20	14	8	16	17	2
17	18	14	2	6	8	15	11	1	20	7	3	9	10	13	16	19	4	12	5
5	2	11	7	9	10	3	13	8	18	12	1	15	14	20	17	4	6	16	19
10	18	8	9	3	12	15	14	4	16	11	20	19	2	7	5	17	13	1	6
3	13	12	9	19	18	8	7	6	2	10	14	20	15	17	11	4	1	5	16
17	5	2	18	8	12	19	1	15	10	9	7	11	14	16	13	6	20	3	4
18	8	15	10	5	14	3	11	9	16	12	7	4	6	1	13	17	19	20	2
7	2	13	19	8	20	6	11	12	17	1	10	15	16	14	4	3	9	5	18
6	19	20	18	15	5	1	9	11	3	13	17	10	7	8	2	14	12	16	4
16	15	10	9	17	3	19	18	20	13	8	4	2	12	5	1	11	7	14	6
17	16	20	15	19	4	3	11	6	9	8	14	7	18	1	5	13	2	12	10
2	3	13	12	16	20	1	11	18	17	19	10	7	6	8	5	4	9	15	14
10	20	3	7	12	4	16	17	5	14	8	13	9	15	1	19	2	11	18	6
13	17	4	6	1	10	3	2	12	9	11	19	5	7	15	8	16	14	20	18
12	20	4	18	8	19	15	6	17	5	9	7	13	10	14	16	3	2	1	11
7	2	9	12	20	3	6	15	4	13	8	1	10	5	18	19	17	14	16	11
8	13	18	20	7	12	16	11	10	4	6	19	9	14	3	2	1	17	15	5
17	12	15	9	5	6	4	16	3	1	18	10	19	7	20	2	8	14	11	13
17	4	10	18	15	1	7	6	9	5	20	13	3	2	14	8	11	19	16	12
12	4	9	10	3	15	18	1	19	16	11	8	20	7	5	13	17	2	14	6
8	10	3	12	13	2	7	4	17	14	15	11	18	16	1	9	20	5	19	6
14	18	2	4	3	16	13	6	11	12	7	15	19	1	9	5	17	20	10	8
6	11	17	16	10	12	13	18	8	2	9	5	1	15	4	3	7	14	20	19
2	8	10	14	3	13	7	1	19	20	11	5	18	12	6	4	9	16	15	17
Due dates: 
1971	
1554	
1422	
1521	
1515	
1746	
1421	
1635	
1832	
1184	
1736	
1550	
1305	
1482	
1202	
1080	
1463	
1082	
1865	
1323	
1508	
1209	
1380	
1361	
1517	
1641	
1782	
1290	
1533	
1466	
1289	
1497	
1776	
1392	
1757	
1977	
1674	
1581	
1842	
1517	
1769	
1631	
1674	
1197	
1686	
1526	
1800	
1655	
1832	
1760	
