20	50
Processing times: 
20	77	45	77	39	13	3	42	82	62	95	91	37	53	55	42	70	78	81	30
16	41	56	39	12	6	90	81	12	20	93	58	64	21	43	84	63	16	94	83
72	42	13	90	51	76	36	59	56	67	95	15	53	45	13	33	39	40	26	53
82	17	66	21	72	89	35	66	89	51	60	88	58	63	14	28	74	92	14	38
17	92	18	77	90	10	71	96	83	38	80	25	91	82	42	86	33	76	24	41
58	15	64	94	48	63	12	50	21	71	11	92	21	38	27	64	55	2	9	67
64	77	99	40	33	2	6	86	8	26	49	74	51	33	1	42	88	86	72	66
37	76	54	74	97	70	34	19	6	83	45	16	84	13	37	31	87	31	27	47
39	67	15	83	96	65	70	25	99	20	53	35	53	78	7	37	62	64	84	31
37	41	88	10	14	77	24	49	69	30	91	61	96	4	37	46	83	34	37	85
27	53	34	84	40	29	1	32	99	10	51	58	55	57	43	32	49	49	44	78
63	95	63	37	88	15	33	66	84	17	40	8	55	51	97	28	5	10	11	35
7	1	29	56	12	24	20	25	73	23	79	22	1	6	11	45	86	70	38	23
55	58	31	19	5	77	27	79	24	11	62	94	53	11	55	81	7	84	13	67
3	54	91	26	31	16	69	48	74	57	67	43	1	73	52	41	30	93	28	90
83	51	7	29	92	48	1	69	25	58	67	19	67	60	64	71	59	70	99	22
41	18	67	12	19	51	67	11	5	2	46	67	11	46	11	5	8	99	68	16
16	57	31	58	10	91	35	64	14	69	36	47	66	10	7	99	91	44	79	56
57	98	66	25	32	55	34	88	7	87	6	14	46	27	44	73	3	45	74	4
69	9	58	28	19	66	64	44	16	64	95	86	45	79	25	10	26	99	4	46
30	9	37	85	69	22	23	97	50	36	12	10	43	1	33	7	15	45	28	3
44	59	92	31	69	53	63	94	74	53	67	24	9	31	84	50	19	78	3	39
46	11	59	27	79	86	51	47	22	16	24	80	5	57	79	42	46	99	49	54
18	37	18	76	30	88	69	19	29	41	58	8	37	17	23	94	92	1	79	34
29	85	91	43	65	6	69	4	94	72	76	83	21	45	10	84	50	74	39	55
67	76	91	69	13	72	98	16	79	38	76	70	30	85	93	39	3	39	88	87
90	78	61	61	34	4	52	59	20	29	6	60	93	95	55	12	92	22	2	91
63	85	76	72	40	42	4	66	63	81	8	61	33	98	94	98	35	90	59	27
95	5	91	1	52	87	56	83	54	15	55	10	20	73	59	30	14	6	48	28
3	93	12	66	19	85	66	96	74	73	21	62	91	97	61	62	95	13	33	62
54	68	44	4	62	86	85	42	55	69	67	71	79	66	1	12	66	94	41	43
23	25	21	15	64	6	96	68	58	75	66	57	85	56	24	34	64	1	82	71
42	97	65	51	1	16	74	54	87	38	48	54	44	51	48	74	82	59	46	60
60	50	86	7	10	12	50	67	65	41	47	59	43	1	97	67	81	34	27	39
7	52	81	58	4	53	86	32	54	38	71	43	58	56	63	73	54	56	34	35
99	31	90	67	73	74	69	29	92	86	90	72	5	21	11	3	3	29	27	39
75	71	89	31	39	70	5	60	13	32	22	1	56	53	84	47	91	85	14	10
56	94	47	81	21	84	98	5	76	6	62	40	58	18	97	89	18	48	44	48
45	55	13	15	96	19	18	5	62	76	61	14	22	23	3	80	92	86	87	23
10	70	5	38	42	64	99	28	30	82	92	64	36	56	11	78	2	18	32	54
88	82	27	53	42	53	6	80	55	95	83	66	11	69	89	79	50	7	31	46
30	6	64	33	41	35	92	65	54	68	52	13	6	36	75	59	41	97	24	77
70	46	32	34	67	10	32	32	5	4	41	13	24	13	14	85	36	18	1	23
43	33	16	91	87	5	74	43	81	23	54	83	5	68	45	85	7	44	90	97
64	98	47	16	76	50	61	62	88	37	89	18	38	10	1	36	10	41	52	55
78	89	76	50	89	68	48	1	77	99	46	50	81	18	60	65	37	8	47	31
56	65	15	13	40	46	74	34	1	56	2	96	12	17	20	19	46	97	75	73
11	86	80	8	72	15	8	77	24	78	53	29	13	66	64	58	19	18	45	5
97	73	13	34	5	84	60	22	40	3	8	64	23	66	3	35	61	7	32	44
33	16	52	72	54	67	71	41	55	32	41	27	54	72	1	14	5	13	85	20
Routes of jobs: 
10	7	4	3	8	2	16	18	1	19	5	12	6	14	20	11	9	17	13	15
3	7	14	15	9	19	8	12	10	20	2	16	18	6	13	17	1	5	11	4
11	12	5	20	10	13	19	18	3	17	8	4	14	7	16	6	15	1	2	9
10	1	14	3	4	8	5	7	17	11	18	16	9	13	20	19	6	2	12	15
12	10	6	7	11	20	18	2	16	17	15	5	3	1	13	19	8	14	4	9
5	9	10	4	16	20	13	18	1	14	7	11	6	15	12	3	19	8	17	2
5	3	11	20	2	17	16	9	1	6	8	19	10	18	13	15	4	14	12	7
11	10	3	8	6	12	4	19	13	14	9	5	20	17	16	7	15	2	18	1
17	5	15	19	7	20	12	16	9	18	13	1	2	10	3	11	4	8	6	14
13	7	3	12	4	6	16	8	11	2	19	9	1	20	5	18	17	10	15	14
6	19	13	11	18	15	7	8	9	17	4	2	14	5	10	12	20	1	3	16
17	15	4	3	8	11	2	14	12	20	1	10	5	6	7	19	18	9	13	16
7	1	10	6	15	19	4	9	12	3	5	17	13	20	14	16	18	8	2	11
2	11	15	8	1	7	6	19	13	3	14	16	17	12	10	18	5	20	4	9
9	4	20	14	19	6	17	7	12	8	11	3	1	13	18	15	16	5	2	10
10	7	5	1	19	15	3	20	4	6	18	8	14	2	17	12	9	13	11	16
16	11	5	12	1	17	6	8	3	19	14	20	2	4	13	15	7	10	9	18
12	7	2	10	16	1	17	11	9	4	14	6	8	18	19	13	3	5	20	15
18	17	1	15	7	14	19	8	5	20	2	4	9	16	13	12	3	10	6	11
6	4	19	1	8	3	12	7	9	5	2	15	17	10	13	16	11	18	20	14
20	14	13	3	12	19	18	16	7	17	11	10	8	2	4	5	15	9	1	6
15	7	8	2	14	12	3	4	13	5	1	9	17	18	6	11	20	19	10	16
16	13	6	10	2	14	15	8	5	7	12	1	4	17	18	20	11	3	9	19
15	4	1	19	20	9	5	10	14	12	13	11	7	2	8	16	18	3	17	6
19	17	11	2	5	3	20	10	9	13	1	6	14	7	18	8	4	12	16	15
6	18	11	5	1	10	19	9	12	4	17	16	20	8	15	13	14	2	7	3
10	19	20	5	1	9	18	13	14	11	17	15	2	7	3	12	4	8	16	6
17	1	13	9	2	14	11	4	20	7	10	19	5	3	8	16	6	18	15	12
5	13	15	8	19	18	1	7	2	10	9	12	20	4	11	14	3	17	6	16
5	4	9	2	18	10	15	12	6	16	11	17	19	14	3	1	7	20	8	13
7	8	12	13	6	20	10	19	11	2	9	18	4	1	14	15	5	3	17	16
19	16	18	13	17	20	11	9	15	10	4	2	7	12	3	1	8	6	14	5
4	17	20	14	12	10	13	5	6	16	3	11	15	9	1	18	7	8	2	19
6	3	14	18	17	13	12	9	10	2	4	11	16	20	15	19	8	7	5	1
3	15	8	1	12	19	7	11	17	5	10	20	13	2	16	14	9	4	18	6
10	19	18	12	16	17	7	20	2	3	11	6	15	13	14	5	4	9	8	1
5	15	19	8	7	14	6	10	1	4	12	13	3	18	2	11	16	20	17	9
6	9	18	10	11	17	14	8	3	7	19	20	16	1	15	5	13	12	2	4
19	9	10	4	17	11	12	5	18	1	13	2	7	16	8	20	3	15	14	6
2	12	16	8	17	5	4	1	14	11	7	10	15	6	3	9	18	13	20	19
12	7	14	10	8	1	16	17	9	5	13	6	15	11	2	3	19	18	4	20
14	16	4	19	15	2	12	17	9	8	10	1	5	7	13	18	3	11	20	6
13	4	10	6	14	20	5	18	19	7	15	12	2	9	8	17	16	3	1	11
6	5	18	10	4	17	11	3	1	14	15	12	13	7	2	8	19	16	9	20
9	19	17	20	5	11	14	4	15	16	3	6	7	18	2	12	10	1	8	13
15	2	6	18	16	7	13	11	4	8	10	19	12	5	14	9	17	1	20	3
16	11	10	4	3	9	13	20	18	1	14	5	17	7	2	6	15	8	19	12
11	2	4	8	15	1	6	12	16	13	5	18	17	7	14	10	20	9	19	3
13	18	19	3	12	10	11	1	16	6	20	8	9	17	7	14	4	2	15	5
1	8	10	19	20	15	7	9	2	5	18	13	11	14	17	3	6	12	4	16
Due dates: 
1638	
1488	
1461	
1676	
1758	
1323	
1505	
1452	
1625	
1520	
1388	
1352	
977	
1370	
1481	
1592	
1005	
1470	
1328	
1428	
983	
1554	
1469	
1302	
1643	
1844	
1524	
1793	
1323	
1776	
1664	
1487	
1637	
1415	
1512	
1515	
1422	
1635	
1343	
1367	
1668	
1452	
900	
1611	
1424	
1677	
1286	
1244	
1161	
1238	
