20	50
Processing times: 
68	10	64	71	74	53	61	76	19	59	76	52	51	12	70	37	52	15	61	38
18	18	47	2	98	85	99	25	12	9	79	41	24	48	32	57	94	44	71	1
55	64	17	24	30	33	43	8	25	64	71	13	55	64	26	42	50	76	40	37
9	33	94	74	84	68	38	43	31	82	39	79	22	39	35	86	79	36	40	9
73	50	54	30	64	30	15	80	28	3	10	4	43	72	35	72	73	55	17	84
70	77	89	13	82	65	31	55	15	54	89	99	64	92	56	8	94	22	21	16
53	48	86	89	44	81	97	42	67	91	82	67	80	47	28	79	56	91	41	4
13	22	13	46	53	56	50	4	43	20	53	78	53	96	7	27	37	4	54	23
83	28	45	40	27	16	76	10	94	77	78	12	46	55	17	55	11	2	63	32
87	30	81	77	79	37	32	23	60	10	72	99	27	32	32	6	85	85	59	66
79	8	13	49	32	85	83	65	50	29	89	37	75	76	18	53	46	36	33	54
42	12	64	8	14	82	6	68	92	33	86	51	88	29	5	40	10	43	94	89
85	33	61	86	40	77	97	13	6	64	98	56	42	12	38	86	7	22	89	93
45	42	49	42	81	80	5	86	85	76	61	88	16	99	8	14	27	23	26	48
33	16	61	36	1	53	34	28	30	2	80	60	31	97	89	70	35	91	69	88
98	3	20	11	51	26	16	33	50	29	96	50	66	48	21	97	79	64	61	54
89	63	20	75	66	17	61	30	61	96	30	45	35	16	63	60	97	70	15	61
30	55	9	26	77	69	8	78	71	7	57	90	33	27	59	24	41	6	18	41
54	46	1	15	73	11	44	27	85	15	24	99	13	68	54	16	30	61	46	38
18	74	70	15	89	53	33	56	74	68	78	97	14	31	55	19	65	22	40	76
61	97	92	64	89	51	68	83	21	5	5	85	67	94	97	71	39	58	30	82
82	20	82	14	71	91	61	19	67	78	53	56	40	51	46	95	38	12	9	90
97	90	34	99	28	84	65	57	29	87	13	23	51	88	36	7	34	18	59	96
19	85	91	30	69	2	96	21	81	32	79	46	92	88	3	20	53	21	57	20
9	5	50	26	67	64	34	73	29	56	7	70	54	47	82	30	17	92	2	23
41	79	72	88	1	64	99	32	55	80	28	87	65	36	72	5	13	56	32	72
56	85	52	64	60	81	44	43	9	4	61	24	62	56	17	9	29	45	63	7
64	68	94	46	16	10	81	19	91	75	95	21	50	82	2	73	55	93	39	35
69	65	25	51	28	76	1	3	6	74	11	59	91	10	35	8	27	35	28	97
41	45	53	13	92	56	42	48	67	97	80	57	80	10	90	26	68	35	84	99
43	68	28	76	32	20	89	28	46	17	41	32	37	32	48	47	32	2	26	37
83	8	5	24	69	69	93	54	90	15	63	71	84	78	62	84	99	82	30	51
69	64	75	23	93	48	11	18	89	96	70	99	52	70	23	85	50	81	17	5
87	55	48	85	17	79	73	19	22	37	12	19	9	5	4	85	88	46	10	4
86	36	90	63	48	4	15	15	15	39	73	89	58	80	71	54	25	41	84	73
42	48	88	71	68	25	33	88	62	51	49	76	22	47	63	61	16	10	94	47
32	41	99	48	82	52	46	67	63	16	24	32	88	74	13	24	82	28	74	14
56	60	70	93	22	62	50	2	15	99	20	45	6	81	13	51	12	12	55	35
46	12	92	23	99	11	99	88	22	18	29	53	56	56	43	53	10	41	61	12
49	48	25	40	20	10	96	8	48	91	88	30	90	53	25	32	43	50	3	4
90	42	20	12	61	89	2	57	26	77	32	41	89	45	55	37	66	11	1	55
22	39	26	85	61	54	27	25	31	47	54	16	77	29	71	24	86	68	21	40
63	25	19	97	61	71	76	52	18	27	97	74	16	10	72	61	48	96	83	98
14	23	81	53	83	93	86	45	71	9	94	91	90	34	75	1	73	83	75	68
18	64	22	33	9	57	42	1	9	45	20	24	68	86	59	90	56	41	39	43
45	67	45	18	69	26	38	1	71	64	29	77	50	23	24	67	80	89	96	21
39	45	60	65	67	91	99	96	3	11	1	14	94	9	13	82	8	58	13	76
57	50	55	54	46	52	44	3	71	80	7	66	25	5	44	44	76	83	38	94
69	32	47	61	71	39	56	69	32	60	22	68	18	9	76	44	39	22	16	95
48	92	62	48	93	27	80	48	85	62	24	67	88	29	5	3	77	47	13	60
Routes of jobs: 
16	3	18	12	4	20	6	15	8	11	19	2	13	10	14	5	7	17	1	9
11	19	15	2	10	7	6	17	12	20	1	5	4	3	16	18	8	14	9	13
17	13	9	4	7	10	19	20	5	11	14	12	6	15	16	2	1	18	3	8
9	13	7	20	5	6	15	3	12	17	19	11	1	18	10	14	2	8	16	4
19	17	18	4	9	15	16	6	2	10	20	14	12	1	3	7	5	13	11	8
8	4	13	17	11	19	7	5	10	20	16	12	1	18	3	6	15	14	9	2
19	20	8	6	11	17	16	7	14	18	2	3	15	13	4	10	5	9	12	1
16	14	9	20	7	12	4	1	19	10	17	2	3	13	8	5	15	11	6	18
2	1	19	7	18	17	6	14	11	16	10	20	5	13	15	3	4	9	8	12
19	3	18	1	6	2	14	10	11	12	8	7	13	15	4	16	9	17	5	20
11	2	6	4	20	3	5	19	16	14	7	13	10	1	8	9	12	15	18	17
12	15	7	3	10	5	1	2	9	8	19	14	20	16	17	18	4	6	13	11
17	1	14	12	3	9	6	10	5	8	16	15	19	11	13	20	4	7	2	18
8	1	14	6	15	10	4	16	5	9	12	13	20	18	17	3	2	7	11	19
4	12	11	7	9	6	18	10	15	13	3	17	19	8	2	16	20	5	14	1
14	15	18	12	17	6	3	4	7	2	19	10	16	13	1	5	20	9	11	8
9	14	11	8	10	13	3	15	7	19	12	2	5	20	18	4	1	17	6	16
8	17	3	7	4	6	2	1	10	14	15	13	19	5	11	12	16	20	18	9
18	8	2	17	19	10	11	12	7	3	16	6	4	20	15	13	5	14	9	1
13	7	17	12	9	15	1	20	2	3	11	4	19	18	8	10	14	6	16	5
14	4	8	2	7	20	17	12	15	18	3	19	5	11	9	16	1	6	10	13
2	13	19	6	20	3	15	18	11	4	10	5	14	12	1	7	16	8	9	17
7	5	9	12	18	14	6	13	2	10	16	11	3	1	20	4	17	19	15	8
5	8	6	20	13	10	16	2	18	7	17	19	15	1	14	4	11	12	3	9
11	3	1	14	5	17	13	2	8	16	6	10	4	7	19	15	18	9	12	20
12	15	8	17	4	11	7	14	5	3	1	16	6	19	2	10	18	9	13	20
5	17	9	4	1	18	6	13	3	8	10	19	15	11	14	20	12	7	2	16
17	6	8	11	9	18	15	1	14	19	16	13	2	7	12	20	3	5	10	4
13	9	8	18	3	5	10	19	2	6	11	14	12	20	1	16	15	17	7	4
16	4	17	20	7	12	9	1	13	6	10	5	19	2	8	14	3	11	18	15
14	10	2	1	9	12	6	11	18	19	17	3	15	20	5	4	8	7	13	16
12	17	5	18	19	7	4	14	13	20	15	16	2	8	1	6	10	11	9	3
2	4	10	1	6	18	9	8	14	12	19	11	17	5	7	3	13	20	16	15
16	1	11	5	3	9	7	13	14	8	19	4	17	12	15	6	20	18	2	10
8	4	14	2	13	3	10	16	9	15	7	11	12	5	1	19	6	17	18	20
19	7	4	10	11	14	13	6	8	20	16	2	9	18	12	5	1	15	3	17
16	14	5	1	3	11	4	9	20	10	18	12	19	7	2	8	6	17	13	15
8	20	19	17	9	13	5	7	1	15	10	3	16	6	4	2	14	11	12	18
18	8	20	17	3	14	19	12	1	2	4	11	16	7	10	5	9	13	15	6
10	19	3	5	2	11	18	6	1	9	4	16	13	7	17	12	20	8	15	14
8	19	2	10	6	14	17	12	20	15	3	16	4	18	9	13	7	5	1	11
6	5	11	17	8	2	3	12	1	14	9	15	7	20	4	19	10	18	16	13
3	14	11	7	2	16	19	8	13	20	12	4	6	17	1	15	9	18	5	10
3	14	18	1	20	8	13	7	11	4	2	19	5	12	17	9	15	6	16	10
8	6	15	17	2	18	16	7	9	13	5	19	3	12	20	11	1	10	14	4
12	17	3	8	20	4	15	5	7	9	6	18	11	16	13	14	10	2	1	19
3	16	5	19	4	13	7	10	20	9	6	1	14	11	8	12	15	17	18	2
19	18	20	2	4	15	14	16	9	1	6	8	11	13	5	12	10	7	3	17
18	5	7	17	16	12	13	9	11	2	3	4	8	14	15	6	1	10	19	20
8	16	7	4	13	10	9	1	3	19	18	12	11	17	6	5	14	15	2	20
Due dates: 
1529	
1356	
1256	
1530	
1338	
1668	
1910	
1128	
1301	
1619	
1515	
1434	
1658	
1502	
1506	
1460	
1605	
1239	
1230	
1571	
1889	
1613	
1643	
1508	
1256	
1616	
1307	
1664	
1199	
1775	
1172	
1821	
1707	
1206	
1589	
1592	
1499	
1289	
1386	
1280	
1362	
1355	
1746	
1863	
1239	
1500	
1416	
1491	
1418	
1587	
