15	50
Processing times: 
74	38	76	24	45	87	10	82	8	10	34	74	28	30	92
86	55	83	90	14	15	74	31	92	26	16	50	77	23	81
56	64	32	70	8	7	46	78	35	62	75	5	45	23	73
78	78	29	26	13	8	88	8	25	48	74	2	32	62	27
57	68	95	99	3	60	2	13	93	66	60	68	54	75	65
91	92	42	30	70	80	37	70	5	7	57	43	84	70	43
83	19	98	6	18	50	86	41	97	21	24	11	12	29	66
15	85	95	86	92	33	38	4	76	52	81	47	22	94	54
50	7	36	22	15	69	87	77	83	54	99	27	56	80	93
3	79	13	67	67	80	19	81	13	43	49	91	27	94	34
63	9	77	56	64	3	17	63	17	60	51	66	87	7	92
11	35	69	61	86	98	95	71	33	31	26	85	86	82	32
11	77	94	1	72	16	18	79	41	81	50	84	15	86	18
38	1	88	41	88	99	39	62	29	2	95	68	67	80	21
50	42	94	4	80	65	76	93	76	62	10	76	95	55	74
76	40	96	89	22	1	22	49	12	27	17	34	48	28	32
90	50	33	53	21	35	11	53	44	58	76	32	62	60	23
96	14	67	37	7	23	76	82	51	68	58	66	13	40	43
32	95	70	27	79	37	98	86	85	53	25	88	32	31	26
18	31	97	94	74	73	40	34	88	52	48	72	50	20	6
85	90	87	57	87	11	96	69	77	95	60	37	87	83	40
76	1	46	31	21	57	69	96	85	40	30	4	61	44	29
33	48	71	27	67	11	23	97	71	23	54	91	55	12	62
65	19	6	45	94	4	46	52	93	14	49	70	1	3	23
14	3	34	13	46	79	82	76	14	6	27	34	65	51	85
8	41	74	9	42	98	65	94	24	83	21	75	26	30	67
86	96	60	6	78	87	5	26	48	81	64	20	44	91	12
75	24	27	14	33	17	93	5	5	89	53	66	85	51	96
31	63	21	37	68	78	48	66	86	18	77	22	31	87	18
23	25	22	40	5	9	29	51	61	84	50	4	87	36	31
16	81	18	73	26	19	54	44	92	8	6	89	2	46	21
57	48	31	57	11	79	68	99	44	71	59	13	10	48	32
42	34	93	63	13	38	93	34	66	62	39	68	43	72	37
86	11	33	85	9	33	80	92	59	21	65	19	96	17	33
44	43	78	36	8	12	4	8	2	78	43	27	9	16	17
81	32	38	83	32	74	76	6	17	28	76	66	19	27	77
49	74	35	11	81	72	76	49	67	29	52	33	72	54	19
96	73	39	69	42	77	95	5	37	56	21	65	5	40	8
11	44	32	43	10	5	62	15	92	79	30	29	21	58	29
22	83	55	95	42	42	62	12	82	52	41	40	86	28	48
64	68	14	70	63	33	82	55	17	51	96	27	79	63	28
89	80	98	54	75	97	40	62	98	38	70	39	23	12	94
21	8	80	2	66	33	22	21	70	14	32	70	78	46	38
17	22	57	60	68	86	31	16	75	65	46	56	75	99	6
4	75	8	35	67	88	40	90	9	99	93	39	59	90	69
34	61	88	54	95	22	47	91	53	7	94	14	70	40	31
28	90	5	85	83	6	69	6	57	87	93	75	70	86	68
25	44	54	94	35	62	63	51	59	68	85	48	64	40	75
29	42	56	94	9	31	80	52	53	82	8	32	94	94	32
39	12	34	24	41	85	74	46	30	89	2	87	57	84	34
Routes of jobs: 
3	11	13	9	10	1	15	14	7	8	5	12	4	6	2
4	2	11	13	1	3	10	9	14	12	7	15	6	5	8
9	1	3	2	4	8	14	7	5	11	13	12	6	10	15
11	5	2	7	13	4	6	12	15	3	14	10	9	1	8
3	2	15	9	12	14	13	7	6	4	8	5	10	1	11
12	13	10	8	15	7	3	2	5	1	4	9	11	14	6
1	9	13	2	6	5	8	15	11	3	12	10	14	4	7
4	8	14	10	13	9	11	12	5	3	1	6	2	7	15
14	13	10	7	4	15	3	9	11	12	5	2	6	8	1
10	11	9	13	14	12	2	6	3	8	15	7	4	1	5
8	4	3	9	7	11	6	2	14	1	13	12	15	5	10
9	13	2	3	15	5	11	6	7	10	1	14	12	8	4
10	14	4	15	6	3	12	1	7	9	5	13	11	8	2
13	4	6	9	8	14	7	2	15	1	12	3	5	11	10
7	5	2	6	4	10	1	8	15	12	11	9	14	13	3
2	9	1	10	11	14	8	6	5	7	15	12	13	4	3
8	14	2	10	7	11	3	9	13	5	12	15	6	4	1
14	4	3	5	1	9	13	12	8	7	11	2	15	10	6
5	10	2	7	1	6	14	3	13	4	11	15	8	9	12
1	4	3	14	13	11	6	15	2	7	12	9	10	5	8
5	2	14	10	11	1	8	9	15	7	4	12	6	13	3
13	7	11	1	6	4	14	2	12	9	15	10	3	8	5
10	7	4	1	13	3	6	8	9	14	15	5	11	12	2
1	4	9	14	12	13	15	8	10	7	11	2	3	5	6
3	6	1	13	14	10	4	12	11	9	5	8	7	2	15
14	3	5	7	13	10	8	2	12	4	9	15	6	11	1
1	12	9	5	8	7	14	2	6	4	10	11	3	15	13
11	6	1	10	2	14	4	8	5	7	13	9	15	12	3
2	9	5	11	14	4	13	1	15	10	7	12	8	3	6
9	14	7	4	2	8	10	1	13	15	3	5	11	6	12
5	4	13	2	14	1	7	9	15	3	8	10	12	11	6
1	9	2	8	15	6	5	11	10	13	7	3	14	4	12
4	7	13	12	1	3	6	2	15	9	14	5	10	11	8
6	5	15	8	1	9	14	3	13	10	2	7	12	11	4
7	10	13	12	3	2	9	6	15	11	5	8	14	4	1
11	3	5	1	15	13	14	2	9	6	10	7	8	12	4
12	5	9	7	3	8	15	13	6	4	1	2	10	14	11
15	8	3	12	1	5	10	9	6	7	11	4	14	13	2
1	15	12	5	3	7	6	14	13	2	11	8	9	10	4
3	6	14	9	12	13	7	5	10	11	15	8	1	2	4
2	10	5	6	3	1	14	8	7	12	4	13	9	11	15
7	5	12	9	11	8	6	14	4	2	13	3	10	15	1
13	3	7	6	15	11	9	1	10	8	2	5	12	14	4
15	10	6	2	1	4	7	8	3	14	13	11	12	5	9
10	5	2	15	8	7	1	11	13	6	14	9	12	4	3
3	6	9	13	1	11	7	10	5	4	2	8	15	14	12
11	4	10	15	14	6	3	1	5	7	13	8	12	9	2
8	11	10	15	6	13	9	12	4	3	14	1	7	5	2
8	1	3	4	12	15	6	13	5	10	2	14	9	11	7
10	3	7	9	8	13	1	4	15	14	11	12	2	6	5
Due dates: 
890	
1017	
849	
748	
1098	
1027	
827	
1093	
1069	
950	
915	
1127	
929	
1023	
1190	
742	
877	
927	
1080	
997	
1327	
863	
932	
730	
787	
947	
1005	
917	
939	
697	
744	
909	
997	
924	
532	
915	
967	
910	
700	
988	
1013	
1212	
752	
974	
1082	
1002	
1135	
1084	
985	
923	
