20	50
Processing times: 
16	56	84	48	94	86	26	13	68	43	92	30	28	70	23	61	73	84	14	32
32	27	83	77	49	1	98	63	88	48	86	80	22	55	24	77	69	46	19	51
73	82	45	18	69	92	14	68	98	89	55	10	63	35	43	42	73	36	15	34
89	77	67	42	92	23	4	93	64	2	87	29	19	38	72	8	84	47	19	12
89	35	30	16	8	13	58	28	5	84	58	99	91	70	9	30	3	67	82	57
4	32	23	42	46	62	7	13	29	49	9	34	44	15	17	56	34	38	93	87
13	47	18	63	50	75	60	34	82	94	68	55	71	11	69	48	22	7	4	19
2	86	77	97	40	63	44	32	84	83	40	68	40	53	20	3	90	54	91	20
54	98	48	21	24	17	36	83	50	48	22	94	72	45	51	96	6	61	21	8
20	86	99	90	1	36	92	24	55	2	42	58	79	47	43	20	85	69	20	38
94	90	63	62	53	31	87	75	21	24	75	30	38	60	43	6	72	46	16	95
98	1	89	88	5	96	24	30	56	42	95	21	78	85	84	69	79	75	48	68
12	78	28	49	5	85	44	53	91	24	67	15	98	10	47	53	20	58	5	97
55	18	3	26	33	91	20	62	68	87	99	58	70	30	34	55	20	33	22	2
49	34	24	94	74	67	76	53	67	4	89	88	77	78	91	64	56	30	70	10
31	77	17	29	31	37	45	95	20	11	98	61	73	94	9	54	20	32	64	62
91	80	59	12	41	25	48	75	73	14	51	21	61	84	44	90	37	89	58	77
22	94	82	92	19	9	34	73	69	32	64	83	80	91	47	95	93	4	11	89
67	41	58	97	98	33	79	58	39	22	48	74	92	52	78	48	99	2	68	81
95	85	71	26	31	96	12	39	11	65	92	20	89	6	24	14	26	97	5	64
77	82	36	52	94	87	7	65	40	61	79	2	7	71	49	18	61	69	50	85
63	50	88	90	35	20	69	88	43	94	51	94	12	90	36	3	99	37	8	69
43	66	92	61	11	53	54	54	42	87	86	34	7	60	52	96	25	55	49	56
11	71	60	73	91	99	22	74	80	79	97	93	85	72	96	52	70	11	95	85
83	39	51	49	31	18	94	88	46	98	66	7	20	53	9	7	14	85	32	88
98	91	78	43	55	45	59	77	31	91	60	61	62	59	89	25	18	29	49	53
26	50	7	78	75	3	28	20	58	95	38	58	70	75	6	26	26	54	95	12
81	71	22	56	17	14	65	90	29	47	8	39	9	58	95	25	1	65	44	66
62	79	70	43	95	42	6	88	5	12	54	18	83	27	38	49	94	95	78	57
18	36	70	10	25	25	72	69	15	17	31	60	69	39	54	56	85	47	40	10
7	14	11	33	49	82	76	11	52	20	35	73	81	42	4	27	14	73	10	25
54	81	52	25	78	23	38	59	22	45	66	94	57	82	51	54	25	97	55	38
51	21	36	95	68	90	76	84	37	38	30	22	28	90	6	91	73	93	55	38
78	17	41	69	94	83	24	55	62	27	24	70	50	21	51	19	20	59	45	22
2	85	58	47	66	81	44	41	18	85	56	2	81	1	36	51	25	11	21	1
87	65	11	85	37	26	89	27	10	13	62	30	24	79	98	61	65	29	27	14
14	47	11	29	18	39	21	80	41	62	72	49	52	83	36	31	51	57	33	47
9	96	42	39	6	67	59	91	81	90	7	49	96	51	38	56	47	95	23	18
78	96	79	35	98	10	1	82	56	31	88	52	96	75	54	12	63	44	43	19
35	73	40	52	92	77	57	66	36	7	6	69	84	54	53	97	38	93	28	66
99	88	17	33	3	58	22	75	57	5	22	11	76	93	11	63	89	96	15	60
48	96	13	45	77	9	60	8	87	29	56	39	82	34	20	58	41	48	56	41
15	77	47	60	51	51	56	30	50	39	25	90	14	67	13	42	28	36	7	2
12	68	91	12	73	74	76	59	60	20	83	88	25	77	65	44	30	84	28	63
32	11	76	27	12	67	33	17	12	58	56	31	96	89	28	33	75	99	40	74
90	1	68	4	95	9	61	45	63	35	81	77	9	53	44	59	96	76	94	20
43	79	60	98	3	4	48	72	41	90	94	11	30	10	41	79	66	11	87	68
91	65	80	50	66	35	70	98	80	47	9	7	67	22	95	11	56	25	64	57
23	75	12	51	45	23	52	77	76	48	52	53	53	18	3	18	56	98	71	25
64	20	89	27	5	47	92	23	78	64	77	12	49	40	3	60	54	37	15	16
Routes of jobs: 
3	7	1	19	10	13	6	11	20	17	16	8	4	14	9	2	18	15	5	12
4	1	14	13	3	19	5	12	2	17	18	11	20	6	9	16	7	10	15	8
18	8	16	3	20	1	7	2	19	14	6	12	15	4	17	5	11	13	10	9
4	6	12	16	8	13	9	18	19	7	17	15	10	1	2	20	5	3	14	11
20	18	12	15	1	7	4	2	16	11	8	14	19	3	10	9	6	17	13	5
12	17	2	15	10	8	1	7	18	6	5	9	20	3	13	19	14	11	16	4
19	13	4	20	3	16	2	5	9	10	17	18	15	11	8	6	1	12	14	7
7	20	2	1	17	8	18	11	13	16	15	12	9	5	19	14	3	10	4	6
14	13	20	18	15	16	12	2	8	3	17	11	9	5	7	4	6	10	1	19
8	19	7	14	3	17	1	4	5	16	6	12	10	2	11	20	18	13	15	9
4	9	20	5	8	2	1	15	17	13	14	12	16	11	6	7	3	10	19	18
5	19	4	13	15	14	2	17	11	10	12	16	3	20	9	8	6	1	18	7
18	4	8	6	17	12	7	20	10	1	13	16	11	14	9	15	2	5	3	19
1	14	9	15	3	12	2	17	18	8	13	10	16	6	20	5	19	7	4	11
16	12	4	2	10	14	20	9	13	8	6	15	3	18	7	19	17	11	1	5
8	15	4	7	19	13	20	10	1	2	12	17	16	6	3	5	18	11	9	14
10	16	9	14	8	18	5	3	19	15	12	13	1	6	7	4	17	2	20	11
15	4	19	8	18	6	16	1	10	20	11	5	9	12	14	7	13	2	17	3
13	7	12	18	4	19	5	15	10	2	3	17	14	1	11	6	16	8	20	9
12	6	20	1	14	4	8	17	11	7	10	16	3	5	18	15	2	13	9	19
1	10	16	4	8	2	5	20	14	6	18	15	12	7	3	19	11	13	9	17
3	16	5	18	6	11	17	19	15	4	2	1	20	13	7	12	10	14	8	9
20	16	17	7	12	4	13	19	5	18	15	10	9	1	2	8	6	3	14	11
7	19	5	6	18	17	4	8	10	2	20	13	15	9	11	14	16	12	3	1
9	6	4	13	7	8	14	20	1	11	15	12	17	18	16	3	10	5	19	2
18	13	12	20	10	6	3	7	4	17	15	2	19	11	14	16	5	8	1	9
11	17	2	13	16	7	10	1	12	8	19	20	9	5	6	18	15	14	3	4
18	14	6	12	16	17	11	13	2	15	4	10	20	9	1	7	3	5	19	8
17	14	19	8	4	3	9	18	20	6	7	10	1	5	13	2	16	12	11	15
8	7	13	10	17	1	6	19	14	3	4	11	12	16	2	5	9	18	15	20
14	11	10	17	7	1	19	20	3	4	15	6	5	16	12	13	9	18	8	2
12	18	16	2	5	7	14	4	13	3	8	15	6	9	17	20	11	10	1	19
9	11	1	8	18	3	17	6	4	10	19	12	14	20	16	13	2	5	15	7
20	18	17	4	9	7	10	11	1	6	19	5	16	8	15	13	14	12	3	2
20	15	11	16	13	1	9	18	7	10	17	12	5	8	6	14	4	3	19	2
11	7	4	5	1	12	13	2	9	8	3	18	17	6	16	19	20	15	10	14
16	12	7	13	10	19	8	6	2	1	18	20	11	9	5	4	17	3	14	15
3	12	14	11	13	4	6	2	17	15	9	19	16	7	10	5	18	1	20	8
10	18	9	15	12	1	8	7	2	20	11	13	6	16	4	5	17	19	3	14
12	18	5	19	13	20	10	17	7	9	2	1	16	6	8	4	14	15	3	11
12	7	11	6	8	3	20	10	1	9	15	4	17	14	16	13	19	2	18	5
5	6	15	13	12	9	16	8	3	17	7	20	18	19	10	1	11	2	14	4
18	7	6	9	16	20	13	15	8	12	4	19	3	11	5	17	14	10	2	1
10	7	16	6	15	11	20	3	4	17	1	18	13	14	8	19	2	9	5	12
6	3	13	9	14	12	2	4	1	16	19	17	8	10	7	18	15	20	11	5
17	15	13	8	3	6	4	14	5	11	12	18	16	7	10	1	20	9	19	2
2	15	20	13	8	9	18	11	1	4	7	3	12	14	6	16	17	19	5	10
11	10	4	13	3	9	20	1	16	18	6	17	5	7	12	14	2	15	8	19
16	4	5	11	2	17	19	6	15	9	14	7	12	18	20	13	8	1	10	3
13	7	9	12	18	2	5	16	14	6	3	15	19	17	8	10	11	1	20	4
Due dates: 
1562	
1643	
1581	
1452	
1398	
1101	
1365	
1631	
1433	
1509	
1622	
1847	
1409	
1329	
1793	
1440	
1695	
1775	
1851	
1452	
1638	
1709	
1625	
2124	
1467	
1760	
1350	
1353	
1643	
1272	
1109	
1644	
1683	
1397	
1218	
1409	
1310	
1590	
1668	
1685	
1490	
1421	
1200	
1698	
1449	
1620	
1553	
1643	
1394	
1308	
