20	50
Processing times: 
2	22	38	75	72	68	67	33	81	98	20	76	35	65	17	65	77	24	61	50
78	46	54	86	77	13	15	26	33	91	48	73	50	92	74	1	60	60	42	83
85	74	87	64	97	54	11	40	16	66	10	65	51	60	67	49	29	52	4	63
42	81	4	81	21	27	5	92	77	77	31	90	4	32	87	2	73	71	51	39
54	42	86	5	89	81	16	16	13	71	60	70	59	90	45	4	7	32	86	18
59	23	57	26	82	26	97	65	40	55	35	3	3	17	96	19	23	75	43	28
83	53	38	33	85	54	51	49	81	21	93	86	19	45	68	38	94	29	63	4
10	34	50	79	77	21	32	70	86	89	46	18	2	62	3	8	45	29	1	5
71	20	23	92	21	92	47	7	20	92	17	17	23	34	71	72	38	9	76	9
31	34	5	69	26	55	19	47	29	63	43	80	22	6	99	36	27	15	74	98
69	16	84	13	86	22	59	12	12	82	27	61	85	94	96	81	45	68	77	26
61	40	68	48	39	11	27	68	63	76	39	78	29	79	96	65	2	2	81	59
94	19	56	61	75	73	42	37	43	44	65	68	44	62	51	96	81	45	10	95
75	23	3	15	86	12	51	33	6	83	86	92	94	90	4	70	23	24	46	29
79	70	37	26	58	7	98	85	26	68	98	32	86	85	30	55	34	35	14	13
50	39	73	10	64	36	81	41	28	73	79	44	76	21	4	97	31	48	1	68
99	59	86	99	67	55	14	46	24	54	74	34	69	32	41	56	76	80	24	98
38	32	61	18	98	46	87	88	38	25	75	77	76	23	70	14	79	81	38	35
54	92	5	58	85	61	72	9	75	4	26	91	36	42	61	35	45	6	26	89
87	84	86	86	99	62	49	27	59	30	74	14	46	86	53	62	68	4	10	89
1	3	84	78	42	73	98	91	70	53	57	36	76	4	76	22	70	67	6	16
80	91	24	36	44	81	78	65	2	91	62	41	40	96	64	5	81	71	31	71
3	68	55	13	83	13	12	98	86	10	70	59	89	74	83	30	56	99	68	67
35	74	59	17	56	64	67	77	84	10	35	79	12	91	36	84	1	41	98	81
32	10	39	58	24	56	83	77	78	99	95	67	81	15	5	35	10	24	97	44
55	41	99	27	94	12	33	3	71	5	88	25	66	80	39	90	79	56	60	5
69	41	25	82	32	70	38	22	95	98	6	64	52	46	71	41	40	35	22	33
14	38	32	38	64	67	13	74	74	67	39	53	55	15	93	37	7	53	54	39
84	77	6	45	91	77	12	96	24	90	54	52	49	97	80	84	44	37	79	5
69	28	32	68	59	23	86	54	41	80	57	45	19	38	89	21	5	64	65	16
57	47	1	79	9	66	84	21	35	97	83	45	18	21	19	37	93	83	46	54
46	12	44	75	32	15	49	4	29	76	65	39	73	54	63	78	18	91	3	93
98	7	47	56	37	3	17	94	9	19	91	58	8	32	60	5	64	3	56	98
93	63	40	88	20	11	16	55	61	81	17	16	45	46	85	89	1	22	59	55
76	86	83	26	4	61	72	81	44	48	17	72	14	46	46	80	74	11	57	2
13	49	76	41	3	13	95	98	29	48	60	67	28	64	36	47	78	83	32	88
58	74	41	75	45	19	51	39	94	41	62	75	36	5	80	47	36	23	6	3
92	64	1	65	2	87	45	73	30	67	68	33	35	65	50	93	36	18	39	54
40	11	8	29	26	65	26	17	52	24	87	67	88	83	36	30	97	19	97	68
64	61	59	65	93	80	83	5	50	42	49	69	86	14	84	41	31	67	88	20
45	22	2	83	61	55	85	72	37	56	73	65	19	42	51	88	2	1	1	30
74	28	87	91	68	27	42	99	7	23	27	16	86	61	28	62	87	72	93	67
77	20	53	52	14	57	2	78	63	12	10	1	59	1	67	53	76	17	80	12
74	86	78	55	75	37	36	49	50	93	52	77	83	29	84	60	92	61	31	3
76	26	38	61	67	60	40	7	20	7	97	76	18	83	39	64	43	39	79	79
61	73	91	42	70	73	34	81	19	64	54	96	89	3	55	94	93	24	10	99
73	10	6	67	22	50	4	29	34	15	46	32	66	28	67	63	60	39	65	19
94	77	36	97	38	8	71	83	43	86	33	94	30	33	89	37	1	35	94	32
24	67	61	41	18	4	91	73	33	96	59	63	40	5	10	45	27	53	24	81
31	99	14	64	89	43	93	32	32	26	22	33	89	41	40	87	26	98	53	98
Routes of jobs: 
11	2	3	8	18	5	4	19	1	15	7	20	16	17	14	13	6	12	10	9
12	4	8	19	13	6	14	7	5	15	11	3	2	17	20	1	16	10	9	18
15	20	6	12	17	13	2	9	7	5	3	10	19	11	18	1	14	4	8	16
11	17	16	3	15	2	12	8	6	19	13	1	5	9	18	7	10	4	20	14
20	9	5	15	13	14	3	10	4	1	2	11	18	7	19	12	17	8	6	16
1	10	12	19	4	16	3	18	11	9	14	13	15	5	6	2	7	17	8	20
1	9	13	6	12	17	8	3	16	4	11	19	7	14	15	20	18	2	5	10
11	16	20	18	7	2	15	1	17	8	5	19	14	4	3	13	12	10	9	6
12	7	8	2	18	10	13	19	1	9	5	16	15	6	4	11	20	17	3	14
14	19	9	15	12	17	11	16	1	10	2	5	20	8	4	3	6	13	18	7
19	9	15	3	6	2	7	14	1	18	16	4	17	12	11	20	8	5	10	13
7	19	17	13	1	18	2	12	16	8	5	3	11	9	20	14	15	6	10	4
20	14	19	12	7	4	6	15	17	5	8	16	11	18	13	9	2	10	1	3
2	16	18	15	11	14	5	10	1	19	12	13	17	20	9	3	8	6	7	4
6	16	4	15	1	5	13	2	10	7	9	12	11	18	3	20	8	14	19	17
14	20	19	13	12	15	18	2	3	7	1	16	8	11	4	10	6	9	5	17
17	6	15	8	18	1	4	2	7	3	13	9	10	12	14	20	11	5	19	16
16	2	12	18	20	1	9	19	3	7	15	17	10	6	8	4	13	5	11	14
6	2	18	4	19	11	13	20	8	16	1	3	7	12	10	15	9	14	5	17
13	20	7	14	12	6	15	9	8	3	19	1	5	18	2	16	11	10	17	4
13	14	12	1	11	16	9	8	4	10	6	15	19	2	7	20	18	5	17	3
13	19	14	7	3	15	8	11	4	18	20	16	9	12	2	1	10	5	17	6
10	15	6	18	8	11	17	2	9	7	12	13	3	1	5	20	4	16	19	14
7	20	15	14	12	9	6	5	13	3	10	1	11	17	19	18	8	2	4	16
5	3	12	13	15	9	18	1	10	19	20	4	6	14	17	7	2	11	16	8
9	10	18	3	20	15	14	5	1	12	16	7	6	4	2	17	8	13	19	11
17	13	3	1	2	4	14	5	15	10	6	12	16	9	20	18	19	7	11	8
20	15	3	17	18	6	9	13	7	4	14	11	8	12	10	2	1	16	5	19
18	19	8	2	4	10	7	17	15	13	12	1	6	3	5	9	14	16	20	11
5	10	14	7	6	9	3	17	8	1	13	12	19	18	20	2	4	15	11	16
5	7	10	12	9	11	14	8	6	3	1	4	15	13	20	2	17	18	19	16
7	1	5	13	20	12	3	17	2	18	9	16	19	15	10	8	6	11	4	14
10	15	3	19	16	9	18	1	6	17	12	5	11	14	4	7	8	13	20	2
3	10	8	7	15	18	12	13	19	9	2	11	5	17	14	16	20	6	1	4
8	19	1	11	18	3	13	5	4	20	9	14	2	12	15	7	10	17	16	6
2	17	18	9	10	12	4	3	7	8	19	6	20	16	5	13	15	11	1	14
4	11	15	20	13	12	1	5	9	14	8	10	16	2	17	6	18	7	3	19
16	2	9	6	18	3	12	19	17	20	13	7	4	15	11	10	5	14	8	1
6	3	14	15	16	11	17	9	20	18	2	1	8	5	7	13	12	10	19	4
16	1	8	17	10	20	6	13	3	2	18	14	19	7	4	11	9	12	5	15
16	7	4	3	9	19	6	20	12	10	1	14	17	2	18	11	15	13	5	8
11	13	20	19	9	3	2	1	7	5	6	17	16	15	14	10	8	18	4	12
12	17	18	2	1	10	5	4	7	11	19	15	8	6	9	13	16	3	14	20
5	14	18	7	9	20	13	1	6	17	2	11	8	10	19	3	4	16	15	12
7	19	11	20	3	1	16	12	5	13	9	2	8	15	18	10	6	4	17	14
8	20	1	2	4	14	18	3	9	15	5	17	13	6	10	11	12	7	19	16
3	19	20	1	15	12	14	5	8	6	16	13	18	11	10	4	2	9	17	7
3	13	18	19	17	6	7	9	16	10	20	14	11	8	5	4	12	15	1	2
11	8	17	6	13	1	15	4	2	12	14	19	16	18	10	5	20	9	3	7
15	9	13	12	20	18	4	11	3	10	1	14	17	19	6	8	7	2	16	5
Due dates: 
1569	
1653	
1566	
1481	
1416	
1308	
1631	
1151	
1277	
1317	
1673	
1547	
1742	
1418	
1554	
1446	
1781	
1649	
1458	
1763	
1535	
1731	
1704	
1652	
1544	
1542	
1473	
1389	
1775	
1439	
1493	
1439	
1293	
1445	
1500	
1572	
1365	
1526	
1455	
1727	
1335	
1718	
1206	
1808	
1529	
1838	
1193	
1667	
1373	
1665	
