20	100
Processing times: 
66	41	17	1	92	39	72	72	47	10	32	99	49	24	60	12	15	64	76	15
86	32	28	87	64	46	11	16	11	64	44	77	76	97	94	86	95	31	62	99
88	70	28	99	66	41	80	78	33	44	18	2	69	34	3	21	22	20	18	73
78	20	65	8	83	91	43	6	60	12	30	26	76	39	96	21	56	49	22	88
92	50	21	21	40	93	56	95	73	43	20	76	52	88	77	74	19	74	69	73
6	23	99	7	79	34	53	57	66	12	86	40	84	13	87	28	28	70	18	42
7	60	63	67	24	99	87	84	71	2	56	97	63	84	7	67	2	22	79	69
72	2	52	70	56	65	76	81	21	91	64	81	19	6	84	81	86	5	88	98
17	86	60	73	73	81	92	60	26	79	47	45	25	24	94	57	12	3	53	22
33	20	2	97	99	2	45	24	35	30	50	30	95	66	46	92	95	77	71	69
30	94	9	91	85	46	67	94	97	7	62	64	22	38	75	40	40	16	59	91
30	37	99	10	80	5	50	12	20	21	82	41	85	94	89	73	53	40	29	60
87	93	82	81	74	89	14	34	12	87	18	75	9	20	26	75	12	27	81	84
12	48	57	17	9	89	61	89	73	75	51	93	11	73	34	76	43	62	72	24
40	57	64	28	75	25	62	62	41	73	34	2	51	86	98	24	21	63	7	44
61	44	90	42	71	52	66	51	31	9	29	30	63	66	22	32	40	94	93	75
77	78	63	30	46	52	13	77	1	37	10	14	33	33	7	37	46	38	12	59
70	84	50	71	24	60	24	3	77	6	19	77	18	95	45	10	49	72	19	56
30	76	4	98	52	26	48	66	43	80	38	23	12	56	11	20	59	99	29	61
54	93	71	4	50	80	72	1	15	42	69	88	11	40	87	73	76	87	60	27
79	4	8	65	72	70	69	99	1	73	57	52	80	85	58	8	31	91	89	60
88	39	70	65	78	9	65	54	96	14	46	51	64	55	56	6	2	15	53	20
57	39	78	71	91	57	73	36	81	92	59	8	24	48	88	69	49	55	7	82
31	56	97	98	18	55	69	33	73	4	44	97	76	21	39	73	85	30	65	15
2	76	94	62	28	91	37	62	49	34	71	65	56	78	10	52	43	92	34	58
28	79	40	44	33	2	85	53	19	71	16	8	38	52	98	30	15	5	16	88
89	36	2	42	74	89	69	13	14	83	46	78	69	48	64	64	2	34	38	40
30	92	48	93	74	71	85	25	98	71	1	83	8	73	44	26	38	68	9	63
45	77	11	49	54	93	42	43	57	17	61	9	65	32	28	53	63	17	66	66
57	4	30	33	99	4	51	42	76	44	16	90	89	91	61	81	86	92	7	7
33	58	22	22	63	7	22	78	84	95	83	7	66	35	9	29	43	88	95	7
88	52	18	46	8	5	76	20	19	71	30	22	57	53	91	68	8	47	81	33
48	53	34	61	23	11	5	81	30	25	13	68	9	38	6	99	18	19	53	81
50	3	61	88	98	56	92	87	34	29	89	80	96	26	41	97	66	49	19	33
59	66	26	8	41	63	69	64	58	2	92	26	13	40	88	34	8	45	94	72
46	95	36	26	79	76	37	73	41	94	82	36	48	96	73	79	30	15	87	34
30	17	94	82	44	78	97	99	82	87	56	87	42	52	87	15	1	2	90	71
40	13	6	43	46	84	66	14	66	16	94	63	16	36	40	49	53	34	60	8
1	40	59	83	69	76	38	46	65	65	61	73	2	63	20	74	45	40	76	70
37	4	33	80	41	74	67	27	83	2	52	53	59	27	15	44	45	17	55	59
10	9	19	60	88	88	29	60	48	85	89	47	98	16	9	98	52	95	49	96
77	96	70	19	40	97	12	63	82	7	76	93	86	82	46	19	47	90	45	11
67	42	17	55	59	50	58	89	90	49	86	20	41	19	53	94	87	63	53	21
20	70	20	71	39	35	19	90	60	24	77	59	55	17	35	77	93	33	60	16
53	46	12	21	20	22	27	38	43	66	38	98	55	41	99	17	91	73	24	59
5	82	32	28	43	50	85	58	13	50	20	51	17	54	16	20	98	45	87	56
74	8	20	63	93	22	87	66	9	4	7	30	92	36	68	78	6	48	85	26
44	4	16	72	70	52	85	79	79	76	64	71	83	37	84	11	22	28	2	57
86	45	13	3	24	47	30	19	17	25	92	75	96	24	16	74	67	70	42	90
47	6	19	38	12	93	55	63	41	14	3	11	76	32	83	33	2	76	73	27
58	2	77	72	98	60	38	44	67	1	57	48	37	89	81	79	81	33	22	33
26	15	17	9	91	40	18	6	49	90	11	68	26	67	14	94	85	96	11	97
15	3	51	15	69	12	23	33	66	24	44	78	48	50	89	6	58	20	5	69
62	52	19	92	40	1	97	56	74	46	33	33	28	84	51	25	59	90	38	59
64	37	2	9	6	34	1	42	92	61	48	61	62	11	78	29	40	15	61	39
81	9	4	67	35	89	7	1	55	3	11	35	66	19	28	69	22	3	42	56
91	26	5	98	10	72	78	81	11	51	63	80	29	63	66	80	3	68	50	16
95	43	70	12	73	10	88	85	43	57	70	15	13	54	96	99	18	64	85	53
48	16	56	9	66	83	26	40	28	73	79	47	82	59	64	37	79	27	6	99
99	33	85	27	93	3	56	11	81	42	10	73	27	59	18	1	62	55	59	60
6	67	42	39	14	39	49	12	91	67	91	69	38	13	40	39	4	55	2	85
83	15	18	9	87	66	24	2	90	54	28	87	50	76	59	28	53	79	9	31
71	92	38	6	86	17	22	88	80	4	13	82	44	71	7	36	43	10	65	21
49	50	60	63	51	62	4	86	27	32	32	66	4	4	23	99	99	78	2	38
47	76	7	62	32	64	28	45	65	91	36	44	80	5	7	20	54	87	85	5
2	78	78	39	94	94	83	46	97	19	64	96	22	47	32	71	93	92	13	9
51	48	60	99	53	35	19	78	65	72	72	60	92	15	61	29	99	74	53	11
41	54	17	91	48	80	95	84	13	91	44	81	74	44	32	9	4	13	60	83
13	4	23	84	41	73	77	23	16	56	19	63	72	35	62	45	50	89	38	76
17	98	22	86	32	92	2	27	52	41	11	46	97	45	92	55	58	95	58	20
52	90	37	63	25	2	50	53	67	21	86	90	31	59	45	5	75	93	28	8
17	90	80	90	72	31	6	85	30	60	69	91	27	29	21	36	13	74	60	11
74	80	93	91	60	8	96	61	73	27	62	78	45	77	62	83	25	71	11	58
98	32	97	26	16	65	16	97	5	4	95	10	88	35	77	36	44	76	75	14
4	47	71	32	20	54	87	59	5	10	43	13	24	8	27	33	56	13	33	35
17	19	71	91	23	25	45	69	86	91	95	36	9	25	48	99	87	52	19	67
72	18	91	69	13	43	80	63	41	82	20	31	83	55	89	5	68	38	81	41
53	63	35	69	31	39	21	97	31	11	76	29	88	68	96	79	37	9	80	88
99	8	84	70	45	91	10	97	94	73	33	20	78	43	34	92	39	36	49	73
19	16	69	96	43	8	70	9	18	41	89	40	88	89	67	58	39	44	33	17
35	76	19	57	82	99	11	39	31	25	65	2	77	70	68	25	74	46	31	31
45	61	54	72	35	68	89	19	69	10	74	56	64	11	12	42	92	82	60	19
23	73	26	4	25	6	33	29	11	82	29	53	83	61	26	79	97	93	32	61
69	86	43	11	25	76	57	34	64	33	68	90	63	38	44	52	9	53	7	77
54	62	42	63	87	98	94	70	26	14	4	85	44	71	21	37	30	46	2	76
13	7	19	4	39	57	52	98	27	54	77	82	66	96	43	78	3	12	61	67
51	49	76	30	21	98	22	64	45	14	1	79	69	14	71	77	74	65	57	63
16	9	30	62	23	47	31	22	55	99	50	42	18	49	72	56	54	95	69	93
34	90	86	45	5	99	79	95	95	82	95	43	34	95	52	46	66	13	43	47
72	3	75	32	51	57	62	51	2	98	63	60	93	56	53	90	93	47	78	31
13	87	26	73	37	65	34	77	46	33	78	51	5	73	41	71	74	44	48	52
20	40	28	58	32	73	76	84	31	38	92	13	42	76	54	4	76	7	40	28
37	79	70	49	40	25	51	66	27	94	37	35	28	85	84	37	47	53	82	86
88	97	99	81	48	3	67	62	41	53	68	70	48	98	36	29	38	1	13	83
26	82	58	13	92	35	55	88	32	75	85	98	11	39	74	61	57	59	63	53
70	28	97	81	54	60	71	15	87	25	94	39	20	74	49	82	47	62	5	24
6	8	52	41	33	52	28	61	86	88	66	13	64	94	10	9	79	56	12	74
70	99	99	25	7	43	88	75	74	44	44	80	41	74	57	84	19	27	25	78
64	88	45	54	46	53	7	96	37	92	11	38	69	93	90	28	49	78	96	45
43	86	15	1	51	7	95	80	97	3	74	97	70	89	64	97	40	32	52	64
Routes of jobs: 
4	11	17	20	8	2	13	3	16	6	1	18	10	14	15	19	7	9	12	5
3	19	10	17	15	1	4	7	6	5	16	13	9	2	11	18	12	20	8	14
8	3	12	15	1	13	14	4	9	2	19	17	6	18	16	10	5	11	20	7
2	19	13	7	9	6	20	12	10	4	3	14	18	5	11	1	16	15	8	17
7	13	9	11	12	20	3	4	5	19	17	6	1	16	14	18	8	10	2	15
5	8	18	6	17	16	13	12	1	7	20	3	4	19	2	10	15	11	14	9
4	17	20	7	11	18	5	16	2	1	10	9	3	13	6	19	8	15	12	14
13	20	6	5	9	16	10	3	17	11	2	14	8	12	18	15	19	4	7	1
4	5	14	9	20	19	15	6	13	16	11	2	10	7	12	1	18	17	8	3
14	19	20	18	17	10	7	15	9	1	13	2	12	11	16	4	5	3	6	8
20	5	18	4	16	19	12	1	11	8	7	15	13	6	9	17	3	14	10	2
3	11	14	9	12	13	10	5	17	7	16	2	15	20	1	6	4	8	18	19
8	18	12	5	3	13	16	10	19	17	9	15	11	6	20	1	7	2	14	4
12	2	7	3	8	18	11	6	17	5	14	20	4	9	1	16	19	13	15	10
19	8	12	4	10	2	13	5	14	6	15	18	9	3	16	7	1	17	11	20
5	2	7	19	1	14	4	8	16	6	9	12	13	11	3	20	18	10	17	15
12	5	11	6	15	9	7	1	10	3	16	20	14	4	2	18	8	19	17	13
18	4	2	16	14	7	13	20	8	17	12	11	1	5	3	19	6	15	9	10
15	16	13	20	18	19	11	2	7	14	4	10	5	1	12	17	8	3	9	6
6	3	5	11	20	1	4	19	2	8	17	13	12	15	10	16	18	14	9	7
19	2	15	12	20	17	10	18	4	16	1	14	11	8	13	6	7	5	3	9
11	3	20	7	1	16	19	6	14	15	13	18	8	12	2	17	5	10	9	4
5	15	18	17	16	4	6	8	12	20	19	10	14	13	3	1	7	9	11	2
13	9	4	15	19	20	16	7	12	14	17	1	2	11	6	3	18	8	10	5
9	17	18	13	2	15	3	7	8	4	11	19	14	1	6	20	16	12	10	5
9	14	10	1	11	20	5	19	18	8	3	16	13	12	4	2	6	15	7	17
3	2	20	16	9	12	6	17	8	13	1	19	18	14	11	10	15	4	7	5
14	5	19	12	13	16	4	15	6	9	11	10	1	17	7	2	18	20	3	8
20	17	18	19	13	4	7	9	16	10	8	5	2	14	6	3	12	15	1	11
8	6	14	13	10	20	2	1	15	11	18	9	7	16	3	4	12	17	5	19
19	2	9	6	14	13	8	12	20	5	11	3	17	4	15	1	7	18	10	16
9	13	18	8	12	15	11	2	6	19	1	10	16	14	4	7	20	17	3	5
16	14	15	3	11	10	13	20	1	6	9	18	2	17	19	4	12	5	8	7
19	8	6	16	13	7	5	1	14	12	18	10	9	17	4	11	20	2	3	15
20	5	8	18	15	4	13	9	7	19	10	11	3	12	2	17	1	14	6	16
12	5	8	3	16	4	1	9	13	11	6	17	20	7	14	19	18	2	15	10
18	6	12	11	4	19	7	1	16	14	17	15	20	10	13	8	5	9	3	2
5	9	19	14	4	8	16	7	1	17	20	13	10	12	18	11	6	3	2	15
4	9	7	12	13	16	5	18	14	1	17	2	11	15	20	8	19	10	6	3
11	9	13	4	2	8	16	14	17	19	3	12	18	1	7	5	15	20	6	10
1	18	19	8	11	3	2	17	14	7	6	12	15	9	5	20	4	10	16	13
4	3	5	12	17	9	13	10	16	14	15	20	6	8	7	2	18	11	1	19
7	9	8	6	11	18	13	2	10	15	14	17	16	20	5	12	4	1	19	3
3	13	17	12	1	15	5	19	9	8	6	14	11	4	10	7	20	2	18	16
18	19	7	8	1	4	16	9	2	11	10	12	15	3	6	20	17	13	5	14
13	10	9	18	3	6	15	14	11	20	19	2	4	5	12	1	7	16	17	8
7	3	14	8	17	10	5	12	13	15	16	9	20	11	19	18	6	2	1	4
1	11	13	14	7	4	16	5	17	15	10	12	3	19	2	6	8	9	18	20
4	18	16	14	20	8	13	12	7	19	9	5	1	6	17	10	15	2	3	11
17	19	11	6	5	9	16	15	4	20	1	7	10	18	13	8	3	12	2	14
11	8	14	9	7	6	17	3	19	10	4	1	2	16	13	12	20	18	5	15
2	11	8	5	20	4	6	10	14	7	16	12	18	15	3	19	17	1	9	13
15	9	6	17	1	20	10	16	19	11	5	2	18	4	12	8	13	3	7	14
16	3	9	19	14	1	7	10	18	5	4	13	11	20	15	17	12	6	2	8
1	13	16	2	11	4	5	8	10	7	20	15	18	14	3	19	6	9	17	12
10	14	16	7	18	11	9	17	2	3	5	1	20	4	6	8	12	15	13	19
5	2	3	6	19	1	8	9	15	17	14	7	12	13	4	10	16	18	11	20
5	14	18	6	11	4	3	7	15	1	17	13	10	9	16	20	8	12	2	19
5	2	4	16	7	19	10	8	20	6	11	15	3	17	14	1	9	12	18	13
14	1	20	3	6	4	7	17	13	12	18	11	10	16	9	8	15	19	2	5
1	6	15	12	2	5	13	11	16	20	9	17	3	4	19	18	14	10	7	8
9	12	7	13	19	5	17	14	1	2	20	18	4	6	3	8	10	11	16	15
7	3	1	5	15	2	19	4	10	6	12	14	13	20	8	17	16	9	11	18
2	14	20	3	19	6	8	4	9	13	16	7	5	15	17	10	12	1	11	18
3	1	2	13	8	4	9	17	15	12	20	10	5	6	7	11	16	18	19	14
1	16	4	12	18	10	17	11	13	5	8	9	19	2	15	3	14	6	20	7
11	14	7	15	3	18	16	6	19	9	10	4	5	17	12	8	2	20	13	1
15	11	18	13	6	5	8	12	14	9	1	3	17	16	19	10	20	4	7	2
18	7	13	1	17	6	10	5	8	14	12	16	19	9	2	3	4	11	20	15
10	1	7	15	3	4	13	8	6	17	20	2	11	9	19	12	14	18	5	16
20	16	13	18	19	15	14	5	2	1	7	3	10	9	12	8	17	4	6	11
12	14	11	10	3	9	6	5	7	19	18	15	8	13	17	20	4	16	1	2
9	1	13	11	10	14	2	4	5	18	20	19	16	12	7	6	15	8	3	17
20	9	6	19	3	15	4	16	13	5	17	1	12	14	8	2	10	7	11	18
12	17	8	15	16	20	2	14	3	18	10	4	7	5	11	1	6	9	19	13
12	4	15	1	18	5	16	14	3	9	19	2	13	20	6	11	17	10	7	8
14	5	19	12	16	1	17	4	20	18	2	9	15	6	13	7	10	3	11	8
8	14	5	20	1	9	16	6	2	19	17	4	12	10	13	11	18	15	3	7
9	12	8	19	5	1	7	10	6	14	18	11	16	13	17	3	15	20	4	2
16	4	9	12	18	17	10	15	7	11	2	5	19	13	14	1	8	20	3	6
6	8	12	19	11	2	17	14	5	10	7	15	9	20	1	13	3	4	16	18
12	10	7	9	19	8	2	5	18	11	4	16	13	20	17	3	14	6	15	1
11	4	5	16	17	2	3	15	8	12	20	14	1	13	7	18	19	9	6	10
18	6	12	3	14	1	8	13	7	10	5	9	15	17	2	19	20	16	11	4
5	6	1	19	10	17	20	4	2	3	18	7	9	14	11	12	13	15	8	16
11	14	6	1	8	17	5	20	10	3	12	18	15	16	19	4	9	2	7	13
1	5	7	4	16	6	3	11	12	15	14	18	17	9	10	19	20	2	8	13
16	13	20	14	12	19	5	17	6	18	3	9	8	15	1	10	11	7	2	4
7	6	16	3	10	5	2	20	18	11	1	12	13	15	8	9	17	4	19	14
19	8	5	18	17	10	9	4	13	15	7	20	3	16	11	1	2	6	14	12
11	10	6	2	15	20	1	19	4	8	17	7	5	3	13	14	16	9	12	18
18	16	17	5	14	2	10	11	12	20	1	6	15	9	13	8	3	4	19	7
20	12	14	7	5	19	2	13	18	10	4	15	1	9	11	8	6	17	16	3
8	9	2	16	15	6	4	12	3	20	5	7	19	13	17	18	10	11	14	1
6	8	5	17	3	20	19	11	1	2	12	9	18	14	15	13	10	4	7	16
10	6	19	17	8	16	9	1	4	7	13	2	11	15	14	20	18	5	12	3
16	9	10	18	2	15	4	13	6	17	7	12	11	5	14	19	8	3	1	20
13	1	11	12	3	10	8	6	17	14	7	16	4	9	15	20	19	2	18	5
15	16	9	17	6	12	13	1	10	4	19	18	14	7	5	20	2	11	8	3
8	19	1	15	13	18	9	11	17	5	20	14	3	16	7	4	2	10	12	6
Due dates: 
2258	
3015	
2268	
2423	
3015	
2330	
2775	
2995	
2573	
2695	
2818	
2525	
2700	
2673	
2393	
2653	
1908	
2323	
2328	
2750	
2878	
2365	
2910	
2698	
2735	
2050	
2485	
2750	
2370	
2650	
2365	
2233	
1938	
2985	
2420	
2958	
3033	
2118	
2665	
2185	
2863	
2895	
2783	
2425	
2358	
2275	
2305	
2590	
2388	
2010	
2693	
2325	
1945	
2598	
1980	
1755	
2603	
2858	
2560	
2385	
2155	
2370	
2240	
2323	
2350	
2923	
2865	
2645	
2398	
2615	
2450	
2480	
3088	
2515	
1685	
2685	
2708	
2750	
2920	
2383	
2408	
2585	
2315	
2498	
2565	
2388	
2600	
2480	
3110	
2918	
2570	
2280	
2780	
2808	
2890	
2710	
2330	
2883	
2948	
2893	
