20	100
Processing times: 
18	66	91	16	83	67	66	15	20	78	76	84	1	76	57	44	17	94	31	34
90	80	56	61	49	92	27	40	27	38	7	32	99	91	18	26	61	94	74	62
34	82	5	17	92	38	61	9	91	99	25	20	13	25	22	87	73	19	91	24
90	59	79	85	77	25	84	41	58	50	48	73	30	98	92	60	69	68	13	10
19	42	93	38	68	63	17	62	72	1	44	29	87	52	2	41	70	99	18	44
58	34	80	17	60	34	93	3	65	63	31	31	13	73	6	2	39	32	6	64
72	45	65	4	79	58	62	85	58	36	4	15	21	96	22	21	43	91	7	50
59	11	4	70	48	90	6	43	31	85	32	1	21	60	49	21	88	42	92	3
69	12	5	33	39	22	84	11	22	42	16	52	22	39	89	26	99	15	13	35
47	2	95	66	74	67	52	58	65	57	69	78	5	1	24	83	70	44	38	35
34	34	6	62	6	71	88	3	56	80	65	87	15	61	56	67	4	75	96	37
9	29	77	77	80	43	51	23	55	8	78	31	85	42	27	43	54	28	93	76
21	87	2	22	75	49	17	25	57	74	46	66	39	83	21	94	85	7	91	55
18	65	11	58	8	12	77	39	63	25	49	67	84	8	1	73	25	42	57	42
26	68	53	30	92	34	99	50	35	11	11	58	32	64	40	24	1	70	38	88
45	66	50	87	77	38	78	87	86	62	69	7	23	82	28	70	42	93	55	35
50	9	52	21	99	89	21	44	5	49	82	58	62	50	22	98	38	61	53	74
60	87	12	46	26	17	52	27	60	51	75	74	6	3	13	63	67	8	57	30
75	81	49	6	47	43	34	41	83	23	74	80	14	46	55	67	20	30	45	68
9	16	43	31	22	93	13	81	5	23	51	30	61	5	17	26	36	76	76	34
25	57	51	51	22	91	32	22	7	99	61	7	67	87	95	79	19	37	92	23
57	23	99	45	47	59	53	68	68	55	19	76	30	87	55	77	12	40	30	76
96	25	83	41	76	45	23	65	73	35	4	47	60	74	94	51	50	82	84	11
89	76	15	68	81	81	55	56	78	46	92	15	5	12	49	60	94	12	33	47
56	14	80	11	50	51	83	65	87	50	78	6	18	40	43	87	74	76	73	51
63	55	49	52	66	27	66	1	83	23	49	95	48	26	56	20	7	6	43	52
29	90	83	33	91	45	71	49	90	72	79	56	65	11	74	36	76	1	2	74
89	18	73	45	37	44	25	86	66	19	76	31	44	12	54	73	42	1	91	31
73	19	97	50	74	30	4	69	44	98	19	2	90	34	46	76	81	76	40	50
4	60	5	19	49	26	18	96	37	55	83	72	76	38	95	98	65	74	80	97
16	64	20	58	99	4	9	59	29	26	23	10	15	21	19	98	77	80	76	25
51	33	14	63	46	6	53	27	99	87	15	77	66	3	51	3	9	34	77	54
67	98	57	74	47	12	92	30	45	39	36	12	86	88	15	89	96	69	43	72
84	67	30	69	6	87	58	37	87	12	90	38	47	99	8	30	48	30	7	98
92	74	8	86	36	78	6	2	42	14	72	94	83	4	50	90	80	27	45	71
78	41	17	86	83	71	54	80	68	16	88	40	88	11	9	54	3	24	81	18
72	64	68	46	29	92	74	68	12	68	87	80	81	44	76	9	26	31	37	82
44	53	86	67	4	14	47	19	50	68	65	22	97	11	34	75	11	14	78	80
63	48	63	43	9	82	13	48	3	69	47	3	56	32	41	10	48	16	98	59
42	91	11	37	97	40	35	96	95	26	80	61	69	16	59	65	3	5	85	48
3	22	12	63	20	83	56	76	47	9	42	35	23	11	20	28	51	78	35	57
13	76	20	67	6	19	74	1	13	48	44	12	46	94	26	43	37	73	48	29
25	49	51	36	50	15	66	17	43	53	3	47	12	74	8	65	29	8	18	36
33	14	95	48	68	24	87	43	10	40	32	43	66	42	29	20	28	39	77	41
73	66	67	67	72	63	81	84	7	52	9	9	35	11	37	55	96	84	97	32
67	28	85	58	51	41	64	40	54	31	47	16	43	59	67	33	15	91	9	52
29	62	23	60	68	20	20	32	50	9	22	56	94	27	41	77	19	54	87	96
69	66	86	43	52	39	27	63	5	70	2	10	2	13	44	92	71	14	4	35
65	78	26	29	76	20	64	33	91	47	89	49	50	41	61	22	99	32	12	43
78	84	81	62	42	11	65	83	75	12	46	46	61	98	49	35	39	27	23	56
49	37	37	95	91	68	8	18	54	23	94	62	66	3	21	62	72	28	91	83
21	73	45	22	89	4	4	1	71	44	35	99	49	19	25	77	14	90	19	85
76	8	68	13	98	88	50	17	73	18	22	63	73	56	61	25	71	15	50	23
1	99	64	51	77	12	26	27	31	23	90	65	16	91	47	35	39	9	64	91
5	42	3	15	74	45	34	49	45	54	86	28	6	77	76	59	63	21	50	93
26	94	33	20	27	83	55	93	41	62	6	33	47	84	25	5	8	14	26	96
90	99	19	74	15	82	55	91	53	8	19	9	60	10	5	37	95	19	63	57
40	19	3	44	30	84	49	22	15	93	8	90	48	87	34	42	78	76	82	7
47	4	35	15	32	64	75	63	97	51	65	41	46	64	21	50	3	40	35	65
89	23	9	7	8	77	94	82	32	93	4	73	94	66	82	28	38	44	26	5
30	68	69	57	82	75	10	37	35	95	86	25	62	81	75	59	96	84	81	99
91	61	44	11	21	14	62	16	36	51	56	77	79	53	37	48	28	61	52	72
51	18	9	6	53	72	48	72	64	49	57	42	80	92	9	6	84	58	50	79
67	16	5	30	12	11	26	74	36	23	50	13	59	37	79	68	20	66	87	52
52	4	6	27	35	46	82	2	59	71	84	15	40	77	78	2	62	72	79	71
76	25	40	15	83	39	66	79	78	30	18	29	56	27	44	78	1	69	34	18
51	89	99	54	99	76	11	92	4	25	66	41	92	36	55	32	47	1	45	91
81	87	28	15	43	4	67	12	95	4	66	59	34	9	25	2	6	87	85	35
6	11	50	84	62	94	2	97	52	4	92	44	51	23	80	35	16	46	5	67
62	97	52	99	83	53	57	8	69	37	72	95	61	76	72	54	15	91	50	36
43	33	24	84	29	32	30	42	79	58	46	7	89	71	91	9	70	40	33	22
31	23	36	37	80	6	57	86	52	1	95	68	87	18	56	28	66	88	45	20
68	14	43	90	44	21	28	97	98	48	95	84	70	38	92	56	55	53	15	21
91	56	97	46	18	64	94	99	81	62	56	53	98	32	51	24	26	81	24	26
99	46	22	25	12	28	29	87	36	38	42	35	30	57	85	97	2	49	83	28
13	93	59	3	51	74	84	83	74	89	70	45	59	54	1	60	78	59	46	91
47	35	25	54	50	31	72	84	69	90	55	64	89	10	51	81	58	47	36	13
82	84	25	16	91	78	78	48	72	47	60	36	27	42	34	35	85	33	70	57
4	97	59	96	31	72	46	47	56	64	51	77	73	67	81	2	78	22	48	9
90	21	81	42	63	98	84	29	54	91	75	90	1	89	6	42	2	12	33	66
80	88	57	30	94	95	58	89	47	17	24	98	62	91	49	65	34	91	94	13
41	94	9	95	77	87	90	86	21	13	60	36	22	71	18	15	32	14	11	54
47	18	93	57	74	2	58	69	10	41	80	3	72	60	34	60	34	32	33	89
88	31	27	88	48	27	5	49	8	67	23	48	24	89	73	76	87	55	17	63
10	83	87	46	31	79	28	15	31	83	42	40	43	60	5	62	48	28	13	74
73	77	94	16	89	48	93	25	76	4	70	66	31	63	70	91	39	67	3	5
62	93	38	65	81	45	56	69	77	4	8	66	16	6	76	79	24	96	80	38
95	26	84	96	91	63	48	39	28	48	83	74	84	2	76	45	98	70	88	68
10	96	66	79	94	8	19	9	8	74	1	30	93	91	11	57	76	75	87	40
17	98	75	57	1	61	72	82	60	87	94	49	64	83	42	63	29	67	99	76
6	92	9	60	24	20	78	46	16	52	78	30	3	63	13	68	73	55	94	65
21	93	18	34	82	51	49	70	51	58	57	80	45	69	50	94	10	2	71	40
17	78	56	76	36	26	87	74	35	39	32	82	84	95	41	43	50	41	46	53
67	62	71	12	23	81	65	40	59	66	78	21	48	69	4	95	68	36	19	51
97	84	87	95	26	14	72	24	86	6	45	29	19	92	80	11	52	77	89	75
20	85	48	70	31	14	81	21	57	98	9	23	16	46	44	16	41	17	80	13
68	30	86	54	80	78	16	89	71	97	80	69	38	77	3	30	61	82	88	85
97	46	49	77	27	96	82	63	21	83	51	77	80	88	7	97	73	58	36	2
44	91	2	94	81	51	88	43	20	79	47	62	66	41	24	60	12	3	77	81
43	65	68	61	69	26	47	87	53	81	59	81	80	63	31	21	46	3	82	64
Routes of jobs: 
15	1	16	17	7	20	5	14	2	9	18	6	11	13	12	19	10	4	8	3
3	14	20	12	17	5	7	18	6	9	11	13	16	2	1	4	8	19	15	10
11	7	3	17	8	4	14	10	15	20	5	9	18	12	1	2	19	6	16	13
13	10	19	5	20	15	4	7	14	6	2	17	18	11	3	1	8	16	9	12
17	3	9	7	15	13	1	20	4	12	8	11	19	14	6	16	18	5	2	10
20	9	2	14	18	4	11	3	10	13	8	6	16	5	15	7	17	12	1	19
18	3	15	11	1	20	8	4	19	9	14	16	7	12	5	10	6	17	13	2
7	20	13	12	14	11	9	8	10	1	5	2	4	16	17	19	6	3	15	18
15	17	7	1	20	6	10	19	3	4	18	9	11	2	13	16	12	8	14	5
14	6	17	5	7	20	16	2	10	15	8	12	9	18	3	13	1	11	4	19
11	6	2	3	7	19	10	12	9	13	4	18	14	8	15	16	5	20	1	17
8	6	18	11	4	9	15	5	14	7	17	1	13	19	3	12	20	16	2	10
20	6	4	1	9	8	3	2	10	16	18	17	11	5	19	13	15	7	12	14
20	5	17	18	8	6	3	16	10	9	2	19	7	11	1	15	13	4	12	14
4	1	9	15	6	17	20	5	3	12	13	18	10	16	14	8	2	7	19	11
6	18	3	11	7	10	16	1	12	4	5	8	9	2	20	17	14	19	15	13
11	5	16	14	10	15	2	3	4	17	1	20	12	8	9	19	18	7	6	13
3	9	8	12	1	18	5	14	20	13	4	16	17	6	11	19	10	7	15	2
20	10	4	17	11	18	13	14	3	16	7	5	9	19	6	1	8	2	12	15
3	15	16	9	5	11	1	13	2	6	18	20	14	12	8	17	7	10	19	4
5	10	18	12	6	9	17	2	20	3	19	16	8	13	15	14	11	7	4	1
1	4	14	12	6	7	15	2	19	3	20	17	16	9	5	8	13	11	10	18
17	9	3	5	18	19	8	16	15	13	7	4	20	14	11	2	1	12	10	6
3	13	15	19	12	10	20	8	7	16	6	2	5	11	17	9	14	18	4	1
11	10	17	1	2	8	20	14	15	3	4	7	13	16	5	9	18	19	6	12
16	4	6	7	19	10	11	8	15	14	18	2	5	12	17	20	1	13	3	9
16	20	9	5	12	7	18	4	13	8	17	11	14	2	3	19	6	15	1	10
7	12	14	6	19	4	1	17	8	3	18	2	16	9	5	20	10	15	11	13
2	1	17	13	8	5	19	10	16	18	11	7	20	12	4	9	15	6	14	3
3	20	12	1	19	17	14	6	8	5	9	2	15	16	7	11	4	18	10	13
1	17	2	19	11	20	4	9	10	12	3	15	16	18	6	8	7	14	5	13
14	16	2	6	15	11	7	13	5	1	9	8	12	3	20	18	10	17	4	19
10	13	11	6	17	8	7	20	9	1	14	5	2	15	18	3	12	19	4	16
18	8	17	9	19	10	6	2	20	14	5	15	11	16	1	3	4	12	7	13
5	4	19	13	10	7	12	15	11	2	8	18	9	6	17	1	20	16	14	3
20	14	10	1	15	9	13	11	6	8	17	18	16	4	12	7	5	19	3	2
20	8	10	18	14	6	3	16	4	2	15	17	19	1	11	9	7	12	5	13
8	1	18	14	13	15	2	9	7	19	3	4	10	6	11	16	20	12	5	17
10	8	9	20	13	4	2	15	19	12	17	14	5	6	18	1	3	16	7	11
7	9	19	8	17	2	6	15	4	10	20	5	12	3	18	13	16	1	11	14
20	4	3	9	6	8	15	18	1	2	14	16	13	5	10	11	19	12	17	7
4	13	5	9	11	2	17	1	10	18	15	14	20	19	16	12	7	8	3	6
14	13	1	6	9	19	8	2	4	5	17	12	11	16	10	20	18	15	3	7
5	17	4	20	8	2	1	12	6	7	11	9	18	10	14	13	3	19	16	15
5	16	17	9	10	18	6	12	19	1	15	7	11	3	4	14	13	8	20	2
16	6	17	13	2	18	1	19	11	20	9	15	12	14	3	10	5	4	8	7
6	5	16	10	3	8	20	15	9	17	12	13	1	18	7	14	4	19	2	11
4	15	6	14	16	1	5	9	20	17	8	7	18	13	2	11	12	3	10	19
3	18	8	1	15	9	2	13	19	14	11	7	16	5	4	6	10	20	17	12
19	8	15	3	2	20	7	9	12	14	11	16	4	1	13	5	18	6	10	17
3	6	9	20	8	16	5	17	14	7	13	19	18	15	1	11	12	4	10	2
6	15	19	14	16	1	13	8	9	7	2	4	3	11	10	20	12	5	17	18
11	16	10	15	12	9	8	2	4	18	19	1	6	5	17	20	3	13	14	7
14	15	10	12	20	7	5	8	6	13	1	19	18	9	3	2	17	4	11	16
12	19	20	18	15	10	5	17	9	7	1	3	8	16	13	14	6	2	11	4
19	6	5	1	15	2	13	20	4	17	12	8	18	14	9	3	10	11	16	7
6	18	15	11	9	7	19	10	1	14	2	3	20	5	8	12	17	4	13	16
10	8	14	17	4	20	15	7	6	12	2	19	5	13	9	1	3	11	16	18
2	1	6	20	11	3	8	10	9	5	19	15	18	12	13	7	17	4	16	14
4	7	2	8	10	15	11	1	6	14	20	5	13	18	9	17	3	19	12	16
11	2	9	19	5	7	14	13	8	1	10	15	4	12	17	20	3	6	16	18
18	5	17	8	11	15	20	13	9	2	16	4	14	12	1	7	3	19	10	6
15	17	20	14	11	9	1	12	5	7	3	8	4	19	18	16	10	13	2	6
3	9	20	6	13	4	12	14	10	18	8	5	7	1	16	15	17	11	2	19
15	2	13	3	1	6	10	8	18	17	11	5	9	14	12	19	16	7	20	4
2	16	19	9	17	11	15	8	13	14	3	6	10	20	1	12	7	5	4	18
2	20	6	5	16	7	15	9	13	4	19	14	12	1	3	17	11	8	18	10
5	16	18	7	17	6	11	8	19	13	20	10	15	14	1	4	9	3	12	2
3	15	6	12	13	8	17	10	14	19	20	4	9	7	5	11	18	16	2	1
7	15	9	6	12	19	3	5	2	16	14	10	4	17	20	13	8	1	18	11
19	6	1	16	4	5	2	18	10	8	15	17	9	7	12	3	13	20	14	11
1	2	4	19	14	9	18	5	3	6	17	7	8	20	10	16	13	11	12	15
20	2	4	16	9	14	15	19	12	3	13	18	17	10	5	11	6	7	1	8
6	2	10	1	17	11	8	12	19	5	16	4	15	13	9	20	3	7	18	14
7	2	20	4	10	18	11	3	13	1	16	9	12	19	8	15	14	17	6	5
1	6	5	3	4	16	11	20	12	18	14	15	17	7	9	19	10	8	13	2
2	13	8	18	11	17	5	9	7	14	15	19	6	16	1	12	4	3	10	20
9	14	4	11	7	19	20	6	5	15	16	2	12	1	8	18	3	10	17	13
13	14	16	9	11	5	2	4	1	10	8	3	17	20	12	15	6	7	19	18
10	17	9	2	13	6	16	19	8	5	4	15	3	14	11	1	12	18	20	7
5	10	17	13	20	6	16	4	1	2	18	11	19	7	3	12	8	9	14	15
11	9	15	10	3	4	5	1	19	2	17	18	7	8	16	13	6	20	14	12
3	15	2	1	6	20	16	5	8	13	4	14	11	7	10	9	18	17	12	19
10	5	20	13	19	7	15	4	9	12	14	6	17	8	16	18	11	1	2	3
13	1	11	20	15	18	19	4	6	17	7	8	9	10	3	2	5	14	16	12
10	7	1	13	4	5	20	18	6	11	15	8	2	14	3	19	9	12	16	17
19	6	14	1	11	9	17	8	13	15	18	16	12	4	7	3	2	20	5	10
18	5	19	2	8	17	14	7	20	6	15	16	11	12	13	1	4	10	9	3
4	18	6	10	20	19	1	16	9	14	12	2	13	5	3	11	17	7	15	8
8	14	11	18	15	1	3	17	19	20	4	6	12	5	10	13	16	7	9	2
2	6	1	14	5	7	4	13	8	15	17	9	12	16	18	10	3	11	19	20
14	13	4	15	6	20	17	11	3	1	16	9	7	18	8	2	5	12	19	10
17	19	12	5	9	18	4	15	8	2	14	11	1	13	3	7	10	16	20	6
13	9	5	7	1	16	20	6	10	2	4	11	3	17	19	14	8	18	12	15
18	15	7	9	12	14	20	13	8	5	17	3	16	19	4	2	1	10	11	6
15	19	14	8	5	16	4	12	20	6	11	3	2	1	17	7	9	18	13	10
8	17	6	14	19	20	12	2	5	9	4	10	16	3	1	11	13	15	7	18
18	3	9	5	20	1	15	10	19	14	6	7	13	8	4	17	12	2	16	11
11	9	20	3	12	6	16	10	5	1	13	2	18	19	4	8	14	7	15	17
14	16	5	13	2	18	19	4	3	7	8	17	12	6	15	1	9	10	11	20
Due dates: 
2585	
2810	
2318	
3023	
2403	
2010	
2335	
2140	
1863	
2575	
2508	
2523	
2540	
2060	
2310	
2950	
2593	
2085	
2453	
1870	
2560	
2690	
2798	
2660	
2733	
2218	
2818	
2393	
2680	
2868	
2070	
2170	
2918	
2580	
2635	
2525	
2865	
2348	
2128	
2653	
1928	
1973	
1763	
2198	
2743	
2378	
2365	
2018	
2568	
2683	
2655	
2215	
2420	
2395	
2313	
2195	
2400	
2378	
2283	
2435	
3265	
2425	
2498	
2078	
2410	
2263	
2765	
2110	
2303	
3098	
2330	
2450	
2825	
2948	
2325	
2965	
2653	
2750	
2700	
2673	
3190	
2365	
2415	
2483	
2270	
2750	
2698	
3265	
2560	
3190	
2363	
2613	
2728	
2588	
2900	
2075	
3205	
3025	
2665	
2825	
